1	0.4	0.24	0.3	6.4	10.3	3.6	6.1
1.3	0.1	0.23	0.3	6.5	10.8	3.5	6.1
1.4	0	0.22	0.2	6.5	10.8	3.5	6.1
1.4	0.3	0.21	0.2	5.5	10.8	3.7	6.1
1.4	0.3	0.2	0.1	5.5	10.8	3.7	6.1
1.4	0.3	0.19	0.1	5.6	11.5	3.6	6.1
1.2	0.3	0.18	0.2	6.4	11.5	3.4	6.1
1.3	0.3	0.17	1.5	6.5	10.8	3.5	6.1
1.4	0.3	0.17	2.1	7.1	10.8	3.4	6.1
1.3	0.3	0.16	2.4	7.2	10.8	3.4	6.1
1.2	0.3	0.15	2.2	7.3	10.3	3.5	6.1
1.2	0.3	0.15	1.9	7.3	9.8	3.6	6.1
1.2	0.3	0.14	1.4	7.4	10.3	3.5	6.1
1.4	0.3	0.11	1.2	7.4	9.8	3.5	6.1
1.2	0.3	0.11	0.7	6.9	10.3	3.5	6.1
1.2	0.3	0.09	1.2	6.3	9.8	3.7	6.1
1.4	0.3	0.08	1.2	5.6	9.8	3.9	6
1.4	0.3	0.09	1	5.7	9.4	3.9	6.1
1.2	0.3	0.08	0.7	5.8	9.4	3.9	6.1
1.2	0.3	0.09	0.7	5.9	9.8	3.8	6.1
1.2	0.3	0.1	0.9	5.9	9.4	3.9	6
1.2	0.3	0.09	1.2	5.9	9.4	3.9	6
1.2	0.3	0.06	0.9	5.8	9	4	6
1.2	0.3	0.06	0.3	4.9	9	4.1	6.1
1.2	0.3	0.06	0.3	5	9	4.1	6
1.2	0.3	0.05	0.2	4.7	9	4.1	6.1
1	0	0.05	0.2	3.8	9	4.3	6
1	0	0.04	0.1	4.6	8.6	4.2	6.1
1	0.3	0.04	0.1	5.3	8.6	4.1	6.1
1	0.3	0.04	0.2	6.5	9	3.8	6.1
0.8	0.1	0.04	1.5	6	9	3.9	6.1
0.8	0.1	0.05	2.1	4.8	9	4.1	6.1
0.9	0	0.05	2.4	4.2	9	4.2	6.1
0.8	0.1	0.04	2.2	4.7	9	4.1	6.1
0.8	0.1	0.04	1.9	2.9	9	4.5	6
0.8	0.1	0.03	1.4	2.9	9	4.5	6
0.9	0	0.1	1.2	2.9	9	4.5	6
0.9	0	0	0.7	3.5	9	4.4	6
0.8	0.1	0	1.2	3.5	9	4.4	6
0.7	0.2	0	1.2	2.9	9	4.5	6
0.7	0.2	0	1	2.7	9	4.5	6
0.7	0.1	0	0.7	2.8	8.6	4.6	6
0.8	0.3	0	0.7	3.1	8.6	4.5	6
0.7	0	0	0.9	2.5	8.6	4.6	6
0.7	0	0	1.2	2.5	8.2	4.7	6
0.7	0	0.1	0.9	2.5	8.2	4.7	6
0.7	0	0.2	0.3	2.5	8.2	4.7	6
0.7	0	0.2	0.3	2.5	8.2	4.7	6
0.7	0	0.2	0.2	2.5	7.8	4.7	6
0.6	0.1	0.3	0.2	2.5	7.8	4.7	6
0.6	0.1	0.3	0.1	2.5	7.8	4.7	6
0.6	0.1	0.4	0.1	2.5	7.8	4.7	6
0.6	0.1	0.3	0.2	2.7	7.8	4.7	6
0.7	0	0.3	1.5	2.7	7.8	4.7	6
0.7	0	0.2	2.1	2.7	7.8	4.7	6
0.7	0	0.2	2.4	2.1	7.8	4.8	6
0.7	0	0.1	2.2	2.5	7.4	4.8	6
0.7	0	0.1	1.9	2.3	7.4	4.8	6
0.7	0	0	1.4	2.3	6.9	4.9	6
0.6	0.1	0	1.2	3.2	6.9	4.8	6
0.6	0.1	0.1	0.7	2	6.9	5	5.9
0.6	0.1	0.1	1.2	2.6	6.9	4.9	5.9
0.6	0.1	0.1	1.2	2.6	6.9	4.9	5.9
0.6	0.1	0.3	1	3.2	6.9	4.8	6
0.6	0.1	0.3	0.7	3.2	6.9	4.8	6
0.6	0.1	0.3	0.7	4.1	6.9	4.6	6
0.5	0.2	0.2	0.9	2.9	6.9	4.8	6
0.6	0.1	0.1	1.2	2.3	6.9	4.9	6
0.6	0.1	0.01	0.9	2.9	6.9	4.8	6
0.6	0.1	0.01	0.3	3.5	6.9	4.7	6
0.5	0.2	0.01	0.3	3.3	6.9	4.8	5.9
0.6	0.1	0.01	0.2	3.3	6.9	4.8	5.9
0.6	0.1	0.01	0.2	3.3	6.9	4.8	5.9
0.5	0.2	0.01	0.1	3.3	6.9	4.8	5.9
0.5	0.3	0.01	0.1	3.2	6.5	4.8	6
0.5	0.3	0.01	0.2	3.4	14	3.5	6.1
0.5	0.2	0.01	1.5	4.1	14	3.4	6.1
0.6	0.1	0.01	2.1	4.1	14	3.4	6.1
0.5	0.2	0.01	2.4	4.7	14	3.3	6.1
0.5	0.2	0.01	2.2	4.7	14	3.3	6.1
0.6	0.3	0.01	1.9	5.1	14	3.2	6.2
0.6	0	0.01	1.4	5	14	3.2	6.2
0.6	0.1	0.01	1.2	4.3	14	3.3	6.2
0.7	0	0.01	0.7	5.3	31.1	0.2	6.5
0.6	0.3	0.01	1.2	6.4	15.9	0.5	81.6
0.6	0	0.01	1.2	6.3	16.5	0.5	73.9
0.6	0	0.01	1	5.7	18.4	0.5	60.7
0.6	0	0.01	0.7	5.4	19	0.5	53.8
0.6	0	0.03	0.7	5.4	19.8	0.5	61.3
0.6	0	0.03	0.9	6.2	19.4	0.5	60.5
0.6	0	0.03	1.2	5.8	19.4	0.5	59.4
0.7	0	0.02	0.9	6.1	19.8	0.5	60
0.7	0	0.02	0.3	6.4	19.4	0.5	59.4
0.8	0.2	0.02	0.3	6.6	19.4	0.5	60
0.8	1.5	0.02	0.2	5.9	19	0.5	59.4
0.8	0.9	0.02	0.2	7	27.75	0.5	70.2
0.9	0.2	0.02	0.1	8	28.5	0.5	70.2
0.9	0.3	0.03	0.1	8.2	27.75	0.5	55.1
0.8	0.5	0.03	0.2	8	27.75	0.5	54.4
0.8	0.4	0.03	1.5	8.4	27.75	0.5	65.2
0.8	0.3	0.04	2.1	8.1	17.9	0.5	60.5
0.9	0.2	0.04	2.4	8.7	17.7	0.5	60.5
0.9	0.3	0.03	2.2	9.3	17.7	0.5	61.2
0.9	0.1	0.03	1.9	8.8	17.3	0.5	63
0.9	1.3	0.03	1.4	7.5	17.3	0.5	62.3
0.8	1.3	0.03	1.2	7.5	17.3	0.5	60.5
0.8	0.5	0.03	0.7	7.8	17.5	0.5	60.5
0.9	0.3	0.02	1.2	8.4	17.7	0.5	58
1	0.4	0.02	1.2	8.1	17.7	0.5	58
1	1	0.01	1	7.5	17.3	0.5	56.7
0.9	0.6	0.01	0.7	8.5	17.3	0.5	57.9
1	0.5	0.02	0.7	8.5	15	0.8	59
1.2	0.2	0.02	0.9	8.9	12.4	3.6	58.3
1	1.5	0.02	1.2	7.9	12.3	4.4	57.6
1	0.9	0.03	0.9	7.6	12.1	3.9	58.3
1	0.2	0.03	0.3	7.8	12.1	3.9	60.1
1	0.3	0.03	0.3	8.3	12.1	3.4	58.3
0.9	0.5	0.03	0.2	8	11.9	4.3	57.6
0.9	0.4	0.03	0.2	7.5	12.1	3.4	56.5
0.9	0.3	0.03	0.1	7.5	12.1	3.4	54.7
1	0.2	0.03	0.1	7.6	12.1	3.4	51.1
1.1	0.3	0.03	0.2	8.1	12.1	3.1	56.5
1.1	0.1	0.03	1.5	8.4	12.3	4	53.3
1.8	1.3	0.5	2.1	11.2	17.4	0.5	50.5
2.4	1.3	0.6	2.4	46	39	0.5	12.2
2.1	0.5	0.7	2.2	27.2	20.8	42	0.3
1.9	0.3	0.6	1.9	17.7	14.5	30.9	10.2
1.9	0.4	0.6	1.4	15.6	14	17.4	27.8
2	1	0.6	1.2	14.7	13.1	16.7	30.5
2.2	0.6	0.7	0.7	17.9	19	9.1	30.5
1.9	0.5	0.8	1.2	17.8	18.1	11.8	28.7
1.8	0.2	0.9	1.2	15.2	16.5	15.1	28.7
2.2	1.5	0.9	1	13.2	16.1	15.1	30.5
2.2	0.9	1	0.7	12.3	15.8	14.3	31.4
2.2	0.2	1	0.7	11.6	15.8	14.7	27.8
2.2	0.3	0.9	0.9	11.9	22.6	8.8	32.3
2.3	0.5	1	1.2	12.4	18.3	17.6	27.8
2.1	0.4	1	0.9	13.1	17.5	12.1	34.1
2	0.3	1	0.3	12.3	16.7	12.6	33.2
2.1	0.2	1.1	0.3	12.1	15.8	14.2	52.8
2	0.3	1.1	0.2	12.3	15.8	11.5	44.9
1.9	0.1	1.1	0.2	12.7	15.4	11	45.8
1.9	1.3	1.1	0.1	13	15.4	10.1	50.3
1.8	1.3	1	0.1	13	15	10.5	44.9
1.9	0.5	1	0.2	13.1	14.7	10.8	59.3
1.9	0.3	1	1.5	12.6	14.5	10.7	62.2
1.9	0.4	1	2.1	12.5	14.9	8.5	64
2.2	1	1.1	2.4	12.5	15	10.2	47.6
2.3	0.6	1.1	2.2	13.2	15.8	10.8	48.5
2.3	0.5	1.1	1.9	14.8	16.5	14.8	35
2.2	0.2	1.1	1.4	17.1	17.5	10.9	63.1
2.2	1.5	1.2	1.2	15.7	16.9	12	45.8
2.4	0.9	1.2	0.7	14.7	15.9	11.2	44.9
2.6	0.2	1.2	1.2	14.8	18.2	14.3	56.4
2.6	0.3	1.2	1.2	16.7	17.3	28.2	33
2.7	0.5	1.2	1	17.7	15.8	18.7	23.3
2.7	0.4	1.1	0.7	17.9	14.4	15.2	45.4
2.7	0.3	1.1	0.7	17.5	13.7	14.8	49.2
2.7	0.2	1.1	0.9	17.1	13.3	14.7	30.5
2.7	0.3	1.1	1.2	15.8	13.3	16.3	31.4
2.9	0.1	1	0.9	15.7	13.7	15.6	21.2
3.1	1.3	1.5	0.3	21.1	25.6	12.6	11.1
4.5	1.3	2.3	0.3	14.2	25	8.1	7
4.9	0.5	4.34	0.2	25.3	24.4	0.5	63.6
4.9	0.3	4.72	0.2	20.9	25.4	0.5	78
4.9	0.4	4.42	0.1	17.8	28.5	2	37.7
4.7	1	4.5	0.1	25	30.2	0.2	33.1
4.7	0.6	4.89	0.2	24.6	25.4	4.9	25.2
4.5	0.5	4.17	1.5	21.9	22.9	7.9	1.5
4.5	0.2	4.61	2.1	20.9	19.6	6.6	53
4.5	1.5	4.91	2.4	21	18.1	6.9	53
4.5	0.9	4.58	2.2	19	17.9	7.9	54
4.8	0.2	4.38	1.9	16.8	19.1	7.1	55
5	0.3	4.07	1.4	20.3	21.8	10.9	50.5
6.1	0.5	4.99	1.2	33.7	43.3	0.5	9
5.6	0.4	6.67	0.7	27.3	32.4	25.2	0.3
5.1	0.3	6.91	1.2	22.6	24.4	17	0.3
5	0.2	6.12	1.2	22.1	21.8	14.5	0.3
5	0.3	6.16	1	21.8	21.5	12.7	0.3
4.6	0.1	6.54	0.7	20.2	20.7	12.3	0.3
4.6	1.3	6.81	0.7	19.8	19.9	12.8	0.3
4.5	1.3	6.55	0.9	18.5	18.6	12.8	0.3
4.3	0.5	6.78	1.2	18.2	17.6	11.5	28.7
4.3	0.3	6.48	0.9	17.8	17.1	11.8	84.8
4.7	0.4	1.1	0.3	24.8	19.7	7.1	9.2
4.7	1	1.1	0.3	24.8	19.1	5.9	12.1
4.5	0.6	1.2	0.2	24	19.1	6.7	13.4
4.9	0.5	1.2	0.2	24	19.1	6.7	11
5.1	0.3	1.3	0.1	28.8	21.3	7.9	4.3
5.1	0.3	1.4	0.1	51.6	48	55.2	8
6.2	3.6	2.1	0.2	69.7	110.1	17.1	272
6.2	3.6	2.5	1.5	63.6	46.9	27.7	193
6	0	2.2	2.1	60	39	6.7	79
5.5	0.3	1.9	2.4	58.9	38.2	0.5	50
5.5	0.3	1.8	2.2	56.2	31.8	0.5	40.2
5.5	0.3	1.7	1.9	54.6	29.5	0.5	23.6
5.5	0.3	1.6	1.4	54.2	28.8	0.5	20.7
5.5	0.3	1.6	1.2	53.5	27.3	0.5	17.3
5.7	0.3	1.6	0.7	54	25.8	0.5	17.2
5.5	0.3	1.6	1.2	52.5	25.8	0.5	16.8
5.5	0.3	1.6	1.2	51.5	25.8	0.5	12.3
5.3	0.3	1.5	1	51.8	28	0.5	11.2
5.3	0.3	1.6	0.7	52.6	25	0.5	16.4
5.3	0.3	1.6	0.7	52.6	24.3	0.5	17.9
5.3	0.3	1.6	0.9	50.9	24.3	0.5	17
5.1	0.3	1.6	1.2	50.6	25	0.5	14.5
5.3	0.3	1.6	0.9	49.9	25	0.5	11.5
4.9	0.3	1.6	0.9	50.5	24.3	0.5	12
4.9	0.3	1.5	1	50.5	23.5	0.5	9.4
5.1	0.3	1.5	1.3	50.2	22.4	0.5	8.1
4.9	0.3	1.5	1.5	49	23	0.5	8.1
5.5	0.3	1.8	1.4	49.2	32.6	3.2	0.3
7.1	0.3	1.5	1.7	51	54.3	0.5	43.3
6.7	0.3	1.5	2.1	58.1	50.7	0.5	16
6.7	0.3	1.6	1.6	55.5	39	1	20
6.2	0.3	1.7	1.5	52.5	38.3	0.5	24
6.2	0.3	1.7	1.5	52.5	32.6	0.5	18.2
6	0.3	1.7	2.3	51.7	31	0.5	13.1
6	0.3	1.7	2.3	52.2	28.8	0.5	13.6
6.4	0.3	1.7	1.9	52.2	28.8	0.5	14.3
6.2	0.3	1.7	1.9	51.2	28.8	0.5	24
6.9	0.3	1.7	2.3	54.1	28.8	0.5	12
7.3	0.3	1.8	2.2	51.7	28.8	0.5	12.4
7.3	0.3	1.7	2.3	53.7	28	0.5	9.8
7.1	0.3	1.7	2.3	52.7	27.3	0.5	10.6
7.1	0.3	1.6	2.7	51.4	25.8	0.5	11.7
7.1	0.3	1.6	2.4	50.7	25	0.5	11.6
7.1	0.3	1.7	2.6	50.3	26.2	0.5	0.3
9.5	0.3	2	2.3	72.1	62	4.5	0.3
12.1	2.7	2	2.7	70.3	62	34.2	0.3
11.1	3.7	2.2	2.9	63.2	54.3	16.6	0.3
10.7	1.7	2.4	2.7	68.2	48	1.3	24
10.7	0.3	2.4	2.7	67	42.5	3.4	32
10.1	0.3	2.4	2.7	66.9	41.6	0.5	36
9.8	0	2.4	6.1	62.3	39.9	0.5	11
10.1	0.3	2.2	5.8	63.4	38.2	0.5	0.3
10.1	0.3	2.2	5.8	62.2	37.4	0.5	0.3
9.8	0	2.4	5.6	64	37.4	0.5	1
9.5	0.3	2.5	5.5	64	36.6	0.5	0.3
9.5	0.3	2.5	5.5	64	36.6	0.5	0.3
9.5	0.3	2.6	5.4	65.3	35.8	0.5	0.3
9.8	1.2	2.6	5.4	66.7	41.6	0.5	0.3
9.8	0	2.7	5.8	66.1	42.5	0.5	0.3
10.1	0.3	2.8	5.7	67.4	40.8	0.5	0.3
9.8	0.3	2.8	5.7	66.1	38.2	0.5	0.3
9.5	0.3	2.8	5.7	64.8	36.6	0.5	0.3
9.5	0.3	2.7	5.8	63.6	35	0.5	0.3
9.3	0.3	2.7	5.8	61.7	32.4	0.5	0.3
9	0.3	2.5	5	63.3	33.4	0.5	0.3
8.7	0.3	2.5	5	61.8	32.6	0.5	0.3
8.1	0.3	2.5	5	59.6	31.8	0.5	0.3
8.1	0.3	2.5	5	60.1	30.3	0.5	0.3
7.8	0.3	2.4	5.1	57.9	28.8	0.5	0.3
8.1	0.3	2.4	5.1	56.8	28	0.5	0.3
7.6	0.3	2.4	5.1	56.3	27.3	0.5	0.3
7.1	0.3	2.4	4.6	56.8	25.8	0.5	0.3
6.9	0.3	2.4	4.6	56.8	25	0.5	0.3
6.7	0.3	2.4	4.6	54.7	23.5	0.5	0.3
6.2	0.3	2.4	4.6	53.7	23	0.5	0.3
6	0.3	2.4	4.6	52.7	22.4	0.5	0.3
5.5	0.3	2.4	3.8	52.5	22.4	0.5	0.9
5.3	0.3	2.2	4	51.9	21.9	0.5	3.1
5.7	0.3	2.2	4	49.9	21.9	0.5	0.7
5.7	0.3	2.2	4	49.9	21.9	0.5	3.5
5.7	0.3	2.1	4.1	48.4	21.9	0.5	4.5
5.7	0.3	2.3	3.6	49.1	22.4	0.5	7.1
5.7	0.8	2.4	3.5	47.6	22.4	0.5	5.7
6.1	4.9	2.7	3.5	44.8	28.8	39.2	0.3
24.7	0.3	2.5	5.9	65.4	87.2	391.4	0.3
88.8	145.2	3.5	12.7	3	441.6	0.5	0.3
57.7	154.3	5.7	26.6	39.7	187.6	0.5	0.3
37.2	112.8	9.1	30.5	56.9	108.2	0.5	0.3
30.8	51.2	9.1	28.4	76	90.8	0.5	0.3
25	38.5	7.6	24.6	72	75	0.3	0.3
20.7	34.4	6.4	22.4	54.9	68	4.2	0.3
18.5	29.6	5.5	19.9	49.5	64	4	0.3
16.9	28.4	5.1	16	44.6	59	3	0.3
14.6	25.5	4.8	14.2	40.7	54.3	5.9	0.3
12.4	25.3	4.7	12.9	37.3	51.6	8.8	0.3
11.4	22.7	4.6	11.9	36.8	48.9	9.7	0.3
11.1	21.8	4.6	10.8	34.3	46.9	7.5	0.3
10.7	19.8	4.6	9.6	34.7	44.3	10.3	0.3
9.8	18.8	4.3	8.8	31.3	43.4	12.6	0.3
8.1	18.6	4.2	8.4	31	42.5	5.2	0.3
7.1	20.5	4.2	8.9	27	41.6	4.7	0.3
6.9	19.8	4.2	8.9	30.5	40.8	6.9	0.3
6.4	20.3	4.1	8.5	33.7	39	3	0.3
5.7	20.1	4.1	8.5	34.6	38.2	0.5	0.3
5.5	19.3	4.1	9.6	29.2	38.2	0.5	4
5.1	18.7	3.8	9.9	26.2	37.4	0.5	10
4.7	18.2	3.7	9.4	25	36.6	0.5	12
4.5	17.5	3.4	8.6	24.5	35.8	0.5	16.4
4.3	15.1	3.2	9.4	25.3	35	0.5	8.9
3.5	12.7	3.1	8.4	28.3	33.4	1.2	0.3
3.4	12	3.1	7.4	27.7	31.8	5.2	0.3
3.4	11.2	2.9	8.1	24.3	31	7.3	0.3
4.1	22.6	2.6	10.5	6.7	29.5	12.2	0.3
4.9	16.1	2.6	8.4	14.5	27.3	15.6	0.3
5.1	13.5	2.2	9.3	18.6	25.8	19.5	0.3
4.5	10.9	2	9.5	21.8	24.3	20	0.3
3.9	9.9	1.7	9.8	21.2	23	22.3	0.3
3.5	11.9	1.5	5.5	19.9	21.9	22.8	0.3
3.1	13.9	1.4	5.6	15.2	20.2	22.8	0.3
3.1	12.3	1.4	5.6	13.9	20.2	22.3	0.3
3.1	5.1	0.9	5.7	18	19.7	15.5	0.3
2.9	4.7	0.8	5.1	17.6	18	13.9	0.3
2.2	4.5	0.7	5.2	15	17.5	11.3	0.3
1.9	4.1	0.6	4.5	15	16.9	7.1	0.3
1.8	3.8	0.4	3.6	14.2	16.4	8.1	0.3
1.9	3.4	0.3	3.7	11.5	16.4	9.3	0.3
1.7	3.6	0.2	3.4	10.7	15.3	8.9	0.3
1.5	3.8	0.2	3.4	10.1	15.3	6.9	0.3
1.5	3.4	0.1	3.1	11.5	14.7	6.1	0.3
1.5	3.1	0.1	2.7	12.2	14.2	5.8	0.3
1.6	2.6	0.1	2.4	11.7	13.6	6.8	0.6
1.4	2.5	0.1	1.8	12	11.59	9.41	0.6
1.4	2.1	0.1	1.8	11.8	11.05	9.75	1.4
1.5	1.8	0.1	1.8	11.4	14.68	5.92	2.2
1.5	1.5	0.1	1.3	11.6	12.5	8.7	2.2
1.5	1.5	0.1	0.9	10.8	9.8	10.2	0.3
1.5	1	0.1	1.3	10	9.8	8.9	0.3
1.4	1.4	0.1	1.1	9	9.8	9.8	3.2
1.3	1	0.1	0.8	8.9	9.4	11.1	3.2
1.2	0.6	0.1	0.7	8.6	9.4	12	5
1.2	0.3	0.1	0.8	9.3	9.4	10.1	4.6
1.1	0.4	0.1	0.7	8.9	9.4	9.9	6.2
1.3	0.2	0.1	0.8	8.4	9.4	9.6	6
1	0.8	0.1	0.7	7.7	9.8	9	5.8
1.1	0.4	0.1	0.7	8	9.8	9	5.8
1.2	0.3	0.1	0.7	8	9.4	9.4	4.9
1.1	0.4	0.1	0.7	7.3	9.4	8.7	5.3
1	0.3	0.1	0.7	7.5	10.2	7.2	7
0.8	0.2	0	0.6	8.4	10.2	6.1	6.7
0.7	0.1	0	0.6	8.2	9.8	6.9	6.7
0.7	0.2	0	0.6	8.1	9.4	7.3	5.7
0.7	0	0	0.6	4	9	10.7	9
0.8	0.3	0	0.6	7.7	9.4	6.6	9.9
0.8	0.3	0	0.6	7.4	9	7.3	8
0.8	0.3	0	0.6	7	8.3	7.8	7.1
0.8	0.3	0	0.6	6.8	8	7	8
0.7	0.3	0	0.6	7.1	8	5.4	10.3
0.7	0.3	0	0.6	6.5	8.3	6.4	11.6
0.7	0	0	0.6	6.4	7.6	7.1	14.3
0.7	0	0	0.6	6.4	7.6	6.4	14.1
0.7	0	0	0.5	6.5	7.6	7.1	10.6
0.7	0	0	0.5	6.5	7.6	6.4	10.3
0.7	0.1	0	0.5	6.4	7.6	5.1	11.1
0.8	0	0	0.5	6.4	7.6	3.8	12.4
0.8	0.3	0	0.5	6.8	7.7	1.5	15.8
0.8	0.3	0	0.5	6.6	7.6	1.3	16.4
0.8	0.3	0	0.5	6.2	7.5	1.8	14.9
0.8	0.3	0	0.5	5.9	7.3	2.3	15.9
0.8	0.3	0	0.5	5.9	7.2	1.7	16.1
0.8	0.3	0	0.5	5.7	7.1	1.5	16.7
0.8	0.3	0	0.5	6	7	0	17.5
0.8	0.3	0	0.5	6	6.8	0.5	18.1
0.8	0.3	0	0.5	6	6.7	0.5	17.1
0.8	0.3	0	0.5	5.2	6.6	0.2	25.6
0.8	0.3	0	0.5	4.7	6.5	0.8	26.5
0.8	0.3	0	0.5	4.7	6.4	0.9	23.8
0.7	0.3	0	0.5	4.7	6.2	1.6	20.6
0.7	0.3	0	0.5	4.2	6.1	2.3	22.4
0.7	0.3	0	0.5	4.2	6	2.4	21.5
0.7	0.3	0	0.5	3.9	5.9	2.8	19.6
0.7	0.3	0	0.5	3.9	5.7	3	16.6
0.7	0.3	0	0.5	3.8	5.6	3.3	13.4
0.7	0.3	0	0.5	3.8	5.5	3.4	20.6
0.7	0.3	0	0.5	3.5	5.4	4.4	24.5
0.7	0.3	0	0.5	3.5	5.2	5.2	24.8
0.7	0.3	0	0.5	3.5	5.1	5.3	25.7
0.6	0.3	0	0.5	3.5	5	4.2	26.9
0.6	0.3	0	0.5	3.5	4.9	4.3	26.9
0.6	0.3	0	0.5	3.5	4.7	4.5	29.6
0.6	0.3	0	0.4	3.6	4.6	8.4	24
0.6	0.3	0	0	4.1	4.5	6.6	26.8
0.6	0.3	0	0.4	3.7	4.4	4.8	27.8
0.6	0.3	0	0.4	3.7	4.3	3.3	29.4
0.5	0.3	0	0.4	3.7	4.3	3.8	32.7
0.5	0.3	0	0.4	3.7	4.3	3.8	32.7
0.5	0.3	0	0.4	3.7	4.3	4.4	32.1
0.5	0.3	0	0.4	3.7	4.2	4.5	32.1
0.5	0.3	0	0.4	3.7	4.2	5	31.6
0.5	0.3	0	0.4	3.7	4.2	5.6	32
0.4	0.3	0	0.4	3.7	4.2	5.6	33
0.4	0.3	0	0.4	3.7	4.1	6.3	31.4
0.4	0.3	0	0.4	3.7	4.1	5.1	31.6
0.4	0.3	0	0.4	3.7	4.1	5.7	31
0.4	0.3	0	0.4	3.7	4.1	4.6	32.1
0.4	0.3	0	0.4	3.7	4	4.1	28
0.4	0.3	0	0.4	3.7	4	3.6	29.4
0.4	0.3	0	0.3	3.8	4	4.1	28.9
0.4	0.3	0	0.3	3.8	4	3.6	30.3
0.4	0.3	0	0.3	3.8	4	3.6	2.5
0.4	0.3	0	0.3	3.8	3.9	3.7	32.2
0.4	0.3	0	0.3	3.9	3.9	3.7	31.2
0.4	0.3	0	0.3	3.9	3.9	3.7	34.2
0.4	0.3	0	0.3	3.9	3.9	2.5	31.5
0.3	0.3	0	0.3	3.9	3.8	2.6	31.5
0.3	0.3	0	0.3	3.9	3.8	3.2	31.8
0.3	0.3	0	0.3	3.9	3.8	2.6	29.7
0.4	0.3	0	0.3	3.9	3.8	1.5	29
0.4	0.3	0	0.3	3.9	3.7	1.6	29
0.4	0.3	0	0.3	3.9	3.7	1.6	29
0.4	0.3	0	0.3	3.9	3.7	1.6	28.1
0.4	0.3	0	0.3	3.9	3.7	1.6	28.1
0.4	0.3	0	0.3	3.9	3.6	1.7	28.1
0.4	0.3	0	0.3	3.9	3.6	1.7	29
0.3	0.3	0	0.3	3.9	3.6	1.2	29.5
0.3	0.3	0	0.3	3.9	3.6	1.2	29.5
0.2	0.3	0	0.3	3.9	3.5	1.8	29
0.2	0.3	0	0.3	3.9	3.6	1.7	29
0.2	0.3	0	0.3	4.2	3.6	1.4	29
0.2	0.3	0	0.3	4.2	3.6	1.4	29.9
0.2	0.3	0	0.3	4.2	3.6	1.4	29.9
0.3	0.3	0	0.3	4.2	3.6	1.4	29
0.3	0.3	0	0.3	4.2	3.7	1.3	29.9
0.3	0.3	0	0.3	4.2	3.7	1.3	29
0.3	0.3	0	0.3	4.2	3.7	1.9	27.5
0.3	0.3	0	0.3	4.2	3.7	2.4	28.8
0.3	0.3	0	0.3	4.2	3.8	2.3	31.5
0.3	0.3	0	0.3	4.2	3.8	2.3	30.6
0.3	0.3	0	0.3	4.2	3.8	2.9	30
0.3	0.3	0	0.3	4.2	3.8	2.3	31.5
0.3	0.3	0	0.3	4.2	3.8	2.9	30
0.3	0.3	0	0.3	4.2	3.9	2.2	30.6
0.3	0.3	0	0.3	4.4	3.9	1.5	32
0.3	0.3	0	0.3	4.4	3.9	1.5	32
0.3	0.3	0	0.3	4.4	3.9	1.5	32
0.3	0.3	0	0.3	4.4	3.9	1.5	32
0.3	0.3	0	0.3	4.4	4	1.9	32.4
0.3	0.3	0	0.3	4.4	4	2.5	30.9
0.3	0.3	0	0.3	4.4	4	2.5	30.9
0.3	0.3	0	0.3	4.4	4	3.1	31.2
0.3	0.3	0	0.3	4.4	4.1	2.4	32.8
0.3	0.3	0	0.3	4.7	4.1	3.2	30.7
0.3	0.3	0	0.3	4.7	4.1	3.2	29.8
0.3	0.3	0	0.3	4.7	4.1	3.8	28.3
0.3	0.3	0	0.3	4.7	4.1	3.8	29.2
0.3	0.3	0	0.3	5	4.2	3.4	27.4
0.3	0.3	0	0.3	5	4.2	2.8	33.7
0.3	0.3	0	0.3	5	4.2	3.4	32.1
0.3	0.3	0	0.3	5	4.2	3.9	28.7
0.3	0.3	0	0.3	5	4.3	4.4	27.2
0.4	0.3	0	0.3	5	4.4	4.9	24.8
0.4	0.3	0	0.3	5.3	4.6	3.8	22.7
0.4	0.3	0	0.3	5.3	4.7	3.7	22.7
0.4	0.3	0	0.3	5.6	4.8	2.2	22.9
0.4	0.3	0	0.3	5.6	4.9	1	23.1
0.4	0.3	0	0.3	5.6	0.7	6.3	21.1
0.4	0.3	0	0.3	5.8	0.07	6.73	26.9
0.4	0.3	0.1	0.2	5.4	0.3	7.5	27.2
0.4	0.3	0.1	0.2	5.4	0.95	6.85	26.3
0.5	0.3	0.1	0.2	5.4	0.89	7.41	25.8
0.6	0.3	0.1	0.2	5.4	0.25	8.65	24.3
0.5	0.3	0.1	0.2	5.8	0.29	7.61	24
0.5	0.3	0.1	0.2	5.8	0.24	8.26	24.3
0.6	0.3	0.1	0.2	6.2	0.62	7.48	24.3
0.6	0.3	0.1	0.2	6.6	0.58	7.12	25.2
0.6	0.3	0.1	0.2	5.8	0.18	8.32	25.2
0.6	0.3	0.1	0.2	5.8	0.27	10.63	21
0.6	0.3	0.1	0.2	5.4	0.39	10.91	21
0.6	0.3	0.1	0.2	5.4	0.8	11.1	23.1
0.6	0.3	0.2	0.1	5.8	0.68	10.82	27.6
0.7	0.3	0.2	0.1	6.2	0.48	11.82	26.4
0.7	0.3	0.2	0.1	6.6	0.57	10.13	27.6
0.7	0.3	0.2	0.1	7.3	0.71	9.29	29.4
0.8	0.3	0.2	0.1	7.7	0.06	9.54	23.1
0.8	0.3	0.2	0.1	8.1	0.4	9.4	19.8
0.8	0.3	0.2	0.1	8.1	0.7	9.7	28.2
0.8	0.3	0.2	0.1	7.7	0.08	11.32	27.6
0.8	0.3	0.2	0.1	7.7	0.29	11.11	25.8
0.8	0.3	0.2	0.1	7	9.9	2.2	24.9
0.8	0.3	0.2	0.1	7.7	10.1	1.3	23.1
0.9	0.3	0.2	0.1	8.9	10.3	6.4	15.7
1	0.3	0.2	0.1	9.7	10.5	17.2	3
1.7	0.3	0.2	0.1	16.4	10.7	39	0.3
2.9	0.3	0.2	0.1	19.6	41.2	0.5	0.3
1.3	7.44	0.2	0.1	10.76	30	0.5	0.3
1.3	8.9	0.2	0.1	5.1	21.4	0.5	3.5
1.2	7.3	0.2	0.1	5.2	19.2	1.7	5.8
1.2	6.9	0.2	0.1	3.9	18.4	2.1	8.8
1.2	6.8	0.2	0.1	2.9	13.8	5.7	10.9
1.2	6.7	0.2	0.1	3	14.8	4.7	10.9
1.3	5.57	0.2	0.1	3.63	14.8	4.4	11.6
1.2	5.7	0.2	0.1	3.2	15.6	2.6	12.1
1.1	6.7	0.2	0.1	2.7	15.6	2.9	8.7
1.1	6.49	0.2	0.1	2.91	14.8	2.3	10.1
1	6.59	0.2	0.1	3.31	14.8	1.9	37
1	6.1	0.2	0.1	3.8	13.8	3.6	49
1	6.82	0.2	0.1	3.08	13.8	7.8	44.8
1.1	8	0.2	0.1	1.8	13.6	4.5	36.5
1	8.1	0.2	0.1	1.8	11.2	5.5	28.1
0.9	8.2	0.2	0.1	1.8	10.4	6.3	28.1
1	7.05	0.2	0.1	3.45	9.4	5.3	30.5
1.1	8	0.2	0.1	2.4	9.4	6	34.2
1.6	7.5	0.2	4.3	3	9.4	8.7	37.6
1.4	9	0.2	4.3	3	19.2	0.5	34.3
1.4	10.2	0.2	4.3	3	15.6	1.9	34.3
1.4	9	0.2	4.3	3	15.6	2.6	33.6
1.4	9	0.2	4.3	3	13.8	1.9	32.8
1.6	8.8	0.2	4.3	3	13	3.8	32.8
1.6	8.8	0.2	4.3	3	13	1.7	33.8
1.6	7.6	0.2	4.3	3	13.6	1.8	33.1
1.7	6.7	0.2	4.3	3	11.2	4.9	31.3
1.7	7.5	0.2	4.3	3	11.2	4.9	29.1
1.7	6.7	0.2	5.8	3	11.2	4.9	31.3
1.8	5.8	0.2	5.8	3	11.2	6.9	29.9
1.8	5.8	0.2	5.8	3	13	9.3	24.6
2	6.4	0.3	5.7	3	21.4	26.6	0.3
2.1	8.3	0.3	5.7	3	74.9	0.5	2.8
2.4	0.5	0.3	5.7	5.1	28	0.4	20.1
2.2	0.4	0.3	5.7	6.5	15	9.7	23.8
2.1	0.2	0.3	5.7	6.8	12.8	12.6	24.2
2.1	0	0.3	5.7	5.9	11.8	14	24.9
2.2	8.3	0.3	5.7	3	11.2	15.3	24.2
2.2	7.3	0.3	5.7	3	10.7	15.1	24.9
2.2	7.3	0.4	5.6	3	9.6	16.2	20.5
2.2	7.3	0.4	5.6	3	9.2	17.3	18.7
2.4	7.1	0.4	5.6	3	9.2	33.7	0.7
6.7	24.6	0.4	5.6	3	32	379.4	0.3
40.2	19.1	0.4	16.8	11.5	291	103	0.3
39.3	39.9	0.4	8.6	21	189	0.5	0.3
27.65	34.75	0.4	8.6	40.3	99.7	0.5	0.3
23.09	33.41	0.4	8.6	3	46	7.07	0.3
20.2	25.8	0.5	8.5	3.53	36.4	0.5	0.3
18.34	19.66	0.5	8.5	15.78	31	0.5	10
16.1	19.9	0.5	8.5	14.5	27	0.5	14.4
15.98	22.02	0.5	8.5	33.23	24	0.5	0.3
22.2	17.8	0.5	14.5	37.02	32	75.98	0.3
36.33	12.17	0.5	15.1	38.91	202	84.99	0.3
37.77	25.23	0.5	10.9	45.48	309	0.5	0.3
38.6	33	0.6	12	51.67	156	0.5	0.3
35.16	22.84	0.6	2.4	53.98	63.6	13.42	0.3
35.2	20.8	0.6	3	39.9	73.5	113	0.3
32.13	21.47	0.6	11.1	23.13	117	0.5	0.3
29.27	20.33	0.6	6.3	14.53	60.8	8.17	0.3
26.73	22.87	0.6	3.3	5.12	62.55	0.5	0.3
24.44	25.16	0.6	4.5	5.34	52.8	0.5	0.3
22.37	27.23	0.6	4.5	6.4	48.75	0.5	0.3
25.99	21.61	0.6	2.4	16.83	43.35	19.22	0.3
26.38	23.22	1.1	13.9	2.38	80.7	0.5	0.3
24.37	25.23	1.8	10.8	5.58	72.3	0.5	0.3
21	28.6	2.5	5.6	8.77	63.9	31.63	0.3
18	35.6	4.1	14.2	3	100.05	8.21	0.3
16.3	37.4	4.21	3.89	15.4	94.35	0.5	0.3
16.3	35.3	4.1	6.1	19.5	85.95	0.5	0.3
15.1	32.6	3.27	6.93	21.9	78.6	0.5	0.3
14.7	33	3.21	8.19	21.3	68.1	0.5	0.3
13.9	31.7	3.1	9.5	18.3	57.6	0.5	0.3
13.5	30	2.87	9.73	12.5	52.8	0.5	0.3
13.1	30.4	2.21	10.39	12.8	50.1	0.5	0.3
12.7	22.3	2.3	10.3	12.62	47.4	0.5	0.3
12.7	22.3	2.11	10.49	13.06	29.8	2.24	0.3
12.7	23.55	1.71	10.89	14.48	28	144.67	0.3
12.7	23.55	2.81	12.19	7.06	131	0.5	0.3
12.4	21.1	2.97	9.63	10.93	48.2	11.77	0.3
12.4	21.1	3.1	10.7	6.4	34.3	19	0.3
12.4	21.1	2.75	12.25	3	30.7	25.41	0
12	21.5	2.55	12.45	3	29.8	27.5	30.8
11.6	17.88	2.92	12.08	3	43.75	10.95	15.4
11.6	17.88	2.79	11.01	3	40.4	15.2	0.3
9.7	18.68	2.02	11.78	3	42.17	13.03	0.3
8.32	18.77	2.21	11.59	3	44.16	10.74	0.3
7.2	20.94	2.57	11.23	3	42.56	6.74	0.3
5.32	18.8	2.38	11.42	0.28	47.26	2.04	0.3
4.99	19.13	2.67	11.13	0.28	46.29	3.01	0.3
3.22	17.42	2.41	11.39	2.86	43.25	8.25	0.3
2.9	18.54	2.04	11.76	1.26	45.71	3.99	0.3
3.1	20.1	2.35	11.45	3	41.55	5.55	0.3
4.7	21.7	2.99	10.81	3	41.56	12.54	0.3
4.22	20.1	2.74	12.26	3	45.09	6.81	0.3
3.98	18.42	2.64	11.16	2	42.51	4.19	0.3
4.1	18.3	2.61	12.39	0.8	28.34	15.76	0.3
4.2	21.24	2.41	12.59	3	31.98	13.82	0.3
6.3	19.14	2.36	21.64	3	33.83	15.47	0.3
3.5	21.94	2.25	13.65	3	30.81	28.49	0.3
3.2	22.24	2.27	13.63	3	29.13	41.77	0.3
3.71	21.73	2.06	15.04	3	33.8	23.5	0.3
2.1	21.1	2.7	14.4	1.6	22.73	30.67	0.3
2.8	21.52	2.79	12.21	2.58	17.36	32.14	0.3
2.9	18.38	2.77	10.48	5.57	16.24	32.46	0.3
2.76	18.52	2.68	10.57	4.57	16.24	32.16	0.3
2.35	19.91	2.65	12.6	1.59	15.68	30.12	0.3
4.92	18.18	2.8	12.45	0.75	15.68	30.12	0.3
6.1	17	2.95	13.55	0.5	15.12	29.68	0.3
8.3	14.8	2.33	14.17	0.5	15.12	32.28	0.3
9.2	14.88	2.71	13.79	3	15.12	36.18	0.3
9.7	14.38	2.64	13.86	3	15.12	36.18	0.3
9.4	12.86	2.79	13.71	1.34	14.56	35.44	0.3
9.4	12.86	2.78	14.72	3	14.56	32.54	0.3
9.4	12.86	2.76	14.74	3	15.12	35.88	0.3
10.1	13	4.63	12.37	0.9	16.24	44.76	0.3
10.1	12.16	4.48	12.52	11.64	24.64	54.46	0.3
10.1	12.16	4.89	12.11	9.44	31.78	34.52	0.3
9.4	13.7	4.56	12.44	4.6	26.88	38.42	0.3
9.4	13.7	4.19	12.81	2.7	22.75	56.45	0.3
10.1	13.98	5.7	15.9	3	44	39.3	0.3
9.7	14.38	5.97	32.43	3	44	29.3	0.3
9.7	14.38	5.48	18.52	0.62	38.4	34.9	0.3
20.21	12.47	5.02	23.98	3	36.1	67.9	0.3
13.6	21.74	5.17	24.83	3	89.5	11.6	0.3
12.91	23.76	5.88	6.52	12.83	60.2	26.9	0.3
13.8	21.54	5.25	7.15	8.66	51	29.6	0.3
10.8	24.54	5.92	6.98	8.16	48.2	27.4	0.3
10.8	24.54	5	7.9	7.06	42.6	24.1	0.3
10.5	23.51	5.07	7.83	7.29	41.7	24.1	0.3
10.5	13.58	5.76	7.14	17.22	25.9	36.9	0.3
10.1	13.98	2.6	9.8	14.42	24.64	39.46	0.3
9.7	14.38	2.71	9.09	15.02	24.01	36.09	0.3
9.4	13.7	2.49	8.81	16.5	24.01	35.09	0.3
9.4	14.68	2.5	8.8	15.52	23.38	33.72	0.3
9.1	14.98	2.26	8.54	14.92	24.01	34.19	0.3
9.1	14.98	2.62	8.18	14.92	24.64	33.56	0.3
9.4	10.29	2.98	8.32	18.81	25.27	34.93	0.3
9.4	10.29	2.81	8.99	18.31	25.9	36.3	0.3
9.4	9.9	2.18	9.12	19.2	29.82	35.38	0.3
9.1	11.5	2.04	9.26	16.8	29.82	40.48	0.3
8.8	11.1	2.03	10.37	16.4	29.19	53.11	0.3
9.4	10.5	5.05	11.55	17.7	33.74	83.06	0.3
10.8	24.6	5.5	14.3	12.5	66.36	78.94	0.3
13.1	24.9	5.36	11.24	30.9	74.9	27.6	0.3
12.7	20.2	5.89	19.81	35.3	57.4	11.7	0.3
12.4	16.2	5.56	19.54	40.2	49.07	0.5	0.3
12	14.8	5.68	18.82	34.2	44.52	49.98	0.3
12	14.8	5.99	18.51	32.3	71.8	63.6	0.3
13.1	16.4	5.98	17.22	32.8	102	22.5	0.3
14.3	17.4	4.2	17.2	32.4	87.4	13.1	0.3
13.5	16	4.5	16.9	30.7	75.2	6.2	0.3
12.8	14.9	5	15.8	27.4	68.4	2.7	0.3
12.2	14.6	5.4	15.4	24.4	58	8	0.3
11.2	13.7	4.7	14.9	21.7	56.6	15.2	0.3
10.8	12.3	4.5	14.5	22.7	53.8	23.4	0.3
9.4	14.6	3.9	15.1	17.4	51	28.6	0.3
13.7	18.7	3.6	20.6	39.7	202	0.5	0.3
20.1	24.9	3.4	18.6	116.7	232	30.3	0.3
17.1	27.9	3.1	22	67.3	142	54.6	0.3
16.3	22.9	4.1	22.2	56.1	111	46.4	0.3
15.1	21.6	4.5	22.5	49	101	42.3	0.3
15.1	19.1	4.5	20.6	42.7	94.6	44.4	0.3
14.3	18.6	4	21.7	32.7	85.6	47.1	0.3
12.4	19.3	3.9	20.6	31.2	82	42.6	0.3
10.1	19.4	4.1	17.9	30.1	75.2	43.2	0.3
9.1	19.5	4	17.4	25.9	71.8	40.3	0.3
8.2	21.3	3.8	16.4	22.3	66.7	37.3	0.3
8.2	21.3	3.7	15.3	20.6	65	33.9	0.3
7.9	20.7	3.6	14.2	19.8	63.6	27.2	0.3
7.6	23.9	3.4	16.2	15.1	60.8	25	0.3
9.1	33.9	3	17.8	8.2	76.9	7.1	0.3
13.9	51.2	3.3	23.5	4.7	91	0.5	0.3
14.3	56.5	4.3	23.3	37.6	89.2	0.5	0.3
12	39	5.7	20.6	55.1	76.9	8.7	0.3
9.7	30.8	7.3	21.6	37.9	59.4	47.3	0.3
8.2	29.8	7	17.8	33.8	56.6	48.8	0.3
7.3	25.6	7.1	16	35.3	53.8	34.9	0.3
6.5	22.1	6.1	13.9	36.9	51	31.5	0.3
5.5	20.3	5.1	12.6	34.3	46.8	29.4	0.3
4.5	19.5	5.4	11.6	29.6	41.7	34.7	0.3
4	18.2	4.8	10.6	27.2	36.1	37.1	0.3
3.6	17	4.2	9.5	24.7	32.5	37.5	0.3
3.3	16.6	3.6	9	22.8	30.7	51	0.3
3.1	15.5	3.2	8.3	21.9	28	28	0.3
3.1	12.8	2.9	7.8	22.1	26.4	27.9	0.3
2.9	11.6	2.9	7	22.1	24.8	24	0.3
2.9	10	2.1	7.8	20	23.2	21.5	0.3
2.4	8.9	2.2	6	21.5	21.6	18.4	0.3
2.4	9.5	1.8	5.6	19.8	20	17.5	0.3
2.4	8.4	1.7	5	18.2	19.3	14	0.3
2.4	8.4	1.3	4.7	16.6	17.9	13.7	0.3
2.1	7.1	0.8	4.6	16.5	17.2	9.7	0.3
2	6.4	0.6	4.4	16.1	16.5	10	0.3
2	6.8	0.6	4.4	13.7	16.5	9	0.3
2.1	6.7	0.6	4.4	13	16.5	7.7	0.3
2.5	6.3	0.5	4.5	12.4	17.9	6.9	0.3
23.6	0.3	0.5	3.8	42.2	148	0.5	0.3
11.7	4.9	0.4	3.3	35.8	76.6	7.3	0.3
21	0.3	0.4	3	28.4	96.4	0.5	0.3
21	0.3	0.4	3	28.1	64	0.5	0.3
18.6	0.3	0.3	3.1	23.1	56.8	0.5	0.3
11.4	0.3	0.3	2.9	21.3	49.6	0.5	0.3
9.9	0.3	0.2	2.1	20	42.4	2	0.3
8.1	0.3	0.2	1.8	19.5	40	3.8	0.3
7.2	0	0.1	1.9	18.9	37.6	3.3	0.3
6	1.2	0.1	1.9	16.9	32	8.9	0.3
4.8	1.6	0.1	1.9	14.3	29	11.3	0.3
4.8	0.8	0.1	1.9	13.9	25	11.5	0.3
4.8	0.8	0.1	1.9	13.3	23.1	13	0.3
4.8	0.4	0.1	1.9	13.7	19.5	13.6	0.3
4.2	0.3	0.1	1.4	13	17.7	15.8	0.3
3.9	0.3	0.1	1.4	13.2	15	15.2	2.7
2.6	1.7	0.1	1.4	11.5	13.9	16	3.6
2.6	1.7	0.1	1.4	9.8	13.9	17.7	3.6
2.6	1.7	0.1	1.1	10.1	13.9	16.7	4.6
2.2	0.7	0.1	0.9	11.2	11.8	20.3	1.9
2.2	0.7	0.1	0.9	11.2	11.8	18.4	3.8
2.2	0.7	0.1	0.5	11	11.8	19.9	4.6
2.2	0.4	0.1	0.1	11.7	11.2	19.6	5.5
2	1.2	0.1	0.1	9.5	11.2	18.3	8.4
2	1.5	0.1	0.1	8.6	10.7	18.5	9.3
2	0.9	0.1	0.1	8.7	11.2	17.5	10.3
2	0.3	0.1	0.3	8.5	11.1	16.1	12.4
0.9	1.4	0.1	0.3	8.1	11	15.9	13.1
0.9	1.4	0.1	0.5	7.9	10.9	14.6	14.5
0.8	1.5	0.1	0.7	6.5	10.8	14.5	15.9
0.8	1.5	0.1	2.9	4.3	10.6	14.7	14.2
0.8	1.3	0.1	0.9	5.7	10.5	15.6	15.9
1	1.1	0.1	0.9	5.7	10.4	15	16.6
1	1.1	0.1	0.9	5.3	10.3	14.8	19
1	1.1	0.1	0.9	5.3	10.2	13.5	20.4
1	1.1	0.1	0.9	4.9	10	14.1	22.1
1	1.1	0.1	0.9	4.9	10	13.4	21.1
0.9	1.2	0.1	1.1	4.7	9.9	12.1	22.5
0.9	1.4	0.1	1.1	4.1	9.8	11.9	23.2
0.9	1.4	0.1	1.1	4.1	9.6	12.1	23.2
0.9	1.4	0.1	1.1	4.1	9.5	12.2	23.2
0.8	1.3	0.1	1.1	4.3	9.4	14.4	22.8
0.8	1.1	0.1	0.9	4.4	9.3	14.8	21.1
0.8	1	0.1	0.9	4.5	9.2	13.5	22.5
0.8	0.8	0.1	0.9	4.3	9.1	12.6	25.6
0.7	0.5	0.1	0.9	4.7	9	12	24.6
0.7	0.9	0.1	0.9	4.3	8.9	9.4	27.3
0.7	0.5	0.1	0.9	4.7	8.7	9	26.2
0.7	0.5	0.1	0.9	4.7	8.6	9.1	26.2
0.7	0.5	0.1	0.7	4.5	8.5	8.9	26.9
0.7	0.9	0.1	0.7	4.1	8.4	9	28.6
0.7	0.5	0.1	0.7	4.5	8.3	8.5	29.2
0.7	0.2	0	0.6	4.6	8.2	9	29.2
0.7	0.3	0	0.8	5.2	8.1	6.7	31.2
0.7	0.3	0	0.8	4.4	7.9	7.7	31.2
0.7	0.5	0	0.8	3.7	7.8	7.2	31.8
0.7	0.3	0	0.4	3.9	7.7	7	32.5
0.7	0	0	0.4	4.2	7.6	7.8	31.8
0.7	0	0	0.4	4.2	7.5	7.2	32.5
0.7	0.3	0	0.4	4	7.4	7.7	32.5
0.7	0	0	0.4	3.8	7.3	8.5	30.1
0.8	0.3	0	0.4	3.8	7.2	7.9	30.8
0.8	0.3	0	0.4	3.8	7	8.1	32.5
0.8	0.3	0	0.4	3.8	6.9	8.9	31.8
0.8	0.3	0	0.5	4.1	6.8	7.7	29.7
0.8	0.3	0	0.6	3.8	6.7	7.6	26.9
0.8	0.3	0	0.7	3.7	6.6	6.5	38.3
0.8	0.3	0	0.8	3.6	6.5	6.6	52.2
0.8	0.3	0	0.9	3.5	6.4	5.5	51.6
0.8	0.3	0	1	3.4	6.3	6.8	50.4
0.8	0.3	0	1.1	2.9	6.1	6.8	51
0.8	0.3	0	1.2	2.8	6	6.3	51.6
0.8	0.3	0	1.3	2.7	5.9	6.4	51.6
0.8	0.3	0	1.3	2.7	5.9	5.8	50.5
0.8	0.3	0	1.2	2.8	5.8	5.9	47
0.8	0.3	0	1.2	2.8	5.8	5.9	47
0.7	0.3	0	1.2	2.8	5.7	5.4	45.8
0.7	0.3	0	1.2	2.8	5.6	6.1	47
0.7	0.3	0	1.2	2.8	5.5	5.6	47.6
0.7	0.3	0	1.1	2.9	5.5	5.6	49.3
0.7	0.3	0	1.1	2.9	5.4	5.7	51.1
0.7	0.3	0	1.1	2.9	5.3	6.4	52.2
0.7	0.3	0	1.1	2.9	5.2	6.5	54
0.7	0.3	0	1.1	2.9	5.1	7.2	51.6
0.6	0.3	0	1.1	3.3	5.1	6.2	52.2
0.6	0.3	0	1.1	3.4	5	6.3	50.5
0.6	0.3	0	1.1	3.4	4.9	5.2	49.9
0.6	0.3	0	1	3.1	4.8	5.7	48.2
0.6	0.3	0	1	3.1	4.8	5.1	48.8
0.6	0.3	0	1	3.1	4.7	5.2	55.8
0.6	0.3	0	1	3.1	4.6	4.8	58
0.6	0.3	0	1	3.1	4.5	4.9	59.8
0.6	0.3	0	1	3.1	4.4	5.5	57.5
0.6	0.3	0	1	3.5	4.4	4.6	54.5
0.6	0.3	0	1	3.5	4.4	4.6	54.5
0.6	0.3	0	1	3.5	4.4	3.5	55.6
0.6	0.3	0	1	3.5	4.4	2.9	58
0.6	0.3	0	0.9	3.6	4.4	4	56.9
0.6	0.3	0	0.9	3.6	4.4	4	55.1
0.6	0.3	0	0.9	3.6	4.4	4	55.1
0.6	0.3	0	0.9	3.6	4.4	4.6	54.5
0.5	0.3	0	0.9	3.6	4.4	4	55.1
0.5	0.3	0	0.9	3.6	4.4	5.1	54
0.6	0.3	0	0.9	3.6	4.4	4.6	54.5
0.6	0.3	0	0.9	3.2	4.4	5.5	54
0.6	0.3	0	0.9	4	4.4	4.2	52.8
0.6	0.3	0	0.8	4.9	4.4	3.4	52.8
0.6	0.3	0	0.9	4.4	4.4	3.8	52.8
0.6	0.3	0	0.9	3.2	4.4	3.9	53.9
0.6	0.3	0	0.9	3.2	4.4	5	52.8
0.6	0.3	0	1	3.1	4.4	4.4	53.4
0.6	0.3	0	1	3.9	4.4	3.6	55.1
0.6	0.3	0	1	3.9	4.4	3.6	55.1
0.6	0.3	0	1.1	3.8	4.4	3.6	55.1
0.6	0.3	0	1.1	4.2	4.4	3.2	53.4
0.6	0.3	0	1.1	3.4	4.4	4	53.4
0.6	0.3	0	1.1	3.8	4.4	3.6	51.6
0.6	0.3	0	1.2	3.7	4.4	3.1	52.1
0.6	0.3	0	1.2	3.7	4.4	3.6	53.4
0.6	0.3	0	1.2	3.7	4.4	3.1	53.9
0.7	0.3	0	1.3	4	4.4	3.2	53.4
0.7	0.3	0	1.3	4.4	4.6	2.1	52.1
0.7	0.3	0	1.3	4.4	4.8	3	51
0.7	0.3	0	1.3	4.4	5	1.1	52.7
0.6	0.3	0	1.4	4.3	5.2	0.9	54.5
0.6	0.3	0	1.4	4.3	5.4	1.3	53.9
0.6	0.3	0	1.4	4.3	5.6	1.1	53.9
0.6	0.3	0	1.5	4.2	5.8	2	51
0.6	0.3	0	1.5	4.2	6	2.3	52.3
0.6	0.3	0	1.6	4.5	6.2	2.3	51.7
0.6	0.3	0	1.6	4.9	6.4	1.1	52.3
0.6	0.3	0	1.6	4.5	6.6	1.3	52.3
0.6	0.3	0	1.6	4.9	6.8	1.3	49.9
0.5	0.3	0	1.6	4.9	7	1.1	48.2
0.5	0.3	0	1.5	5	7.1	1	48.2
0.5	0.3	0	1.5	5	7.3	0.2	47
0.5	0.3	0	1.5	5	7.5	0.6	48.2
0.5	0.3	0	1.5	5.4	7.7	0.5	48.2
0.6	0.3	0	1.5	5.4	7.9	0.4	47.6
0.6	0.3	0	1.5	5.4	8.1	0.5	48.2
0.7	0.3	0	1.5	5.4	8.3	0.5	48.2
0.8	0.3	0	1.5	5.8	8.5	0.5	48.2
0.7	0.3	0	2.2	2.4	8.6	4.2	6.1
0.7	0.3	0	2.6	2	9	4.2	6
0.7	0.3	0	1.8	2.8	9	4.2	6
0.7	0.3	0	1.8	3.4	9	4.1	6
0.6	0.3	0	1.8	4	9.4	3.9	6.1
0.6	0.3	0	1.8	4.6	9.4	3.8	6.1
0.5	0.3	0	1.8	4	9.8	3.8	6.1
0.6	0.3	0	1.8	4	10.3	3.7	6.1
0.6	0.3	0	1.5	4.9	10.3	3.6	6.1
0.6	0.3	0	1.5	4.9	9.8	3.7	6.1
0.6	0.3	0	1.5	4.3	9.8	3.8	6.1
0.6	0.3	0	1.5	4.9	9.8	3.7	6.1
0.7	0.3	0	1.5	5.5	9.8	3.6	6.1
0.7	0.3	0	1.5	6.1	9.8	3.5	6.1
0.8	0.3	0	1.5	7.3	9.8	3.3	6.1
0.8	0.3	0	1.8	7	9.8	3.3	6.1
0.7	0.3	0	2	6.2	9.8	3.4	6.1
0.7	0.3	0	2	6.2	9.8	3.4	6.1
0.6	0.3	0	2	6.2	10.3	3.3	6.1
0.7	0.3	0	2	6.2	9.8	3.4	6.1
0.7	0.3	0	2	6.2	10.3	3.3	6.1
0.7	0.3	0	2	7.4	10.3	3.1	6.2
0.6	0.3	0	1.8	7.6	10.3	3.1	6.2
0.7	0.3	0	1.8	8.2	10.3	3	6.2
0.7	0.3	0	1.8	8.2	10.8	2.9	6.2
0.8	0.3	0	1.8	8.2	10.8	2.9	6.2
0.8	0.3	0	1.5	8.5	11.5	2.8	6.2
0.7	0.3	0	2	8	11.5	2.8	6.2
0.7	0.3	0	2	8.7	11.5	2.7	6.2
0.8	0.5	0	1.8	7.6	11.5	2.7	6.2
0.8	0.3	0	1.8	7.8	10.8	2.8	6.2
0.8	0.1	0	1.5	9	10.8	2.7	6.2
0.7	0.1	0	1.3	9.3	10.8	2.7	6.2
0.8	0	0	1.3	8.6	12.1	2.6	6.2
0.8	0.3	0	1.3	8.7	14.6	2.1	6.3
0.9	0.1	0	1.3	8.4	37.4	0	6.7
0.9	0.1	0	1.5	8.2	17.2	1.7	6.3
0.8	0	0	1.5	8.4	14.6	2.1	6.3
0.8	0	0	1.1	8.8	13.4	2.3	6.3
0.8	0	0	0.9	9	12.8	2.4	6.3
0.7	0.1	0	0.9	8.3	12.8	2.6	6.2
0.7	0.1	0	0.9	8.3	12.1	2.7	6.2
0.8	0	0	0.9	8.3	12.1	2.7	6.2
1	0	0	1.1	7.9	11.5	2.8	6.2
1	0	0	1.3	8.4	11.5	2.7	6.2
1	0	0	0.9	8.8	11.5	2.7	6.2
1	0.3	0	0.9	9.6	10.8	2.7	6.2
1	0	0	0.9	8.8	10.8	2.8	6.2
1	0.3	0	0.9	9	10.8	2.8	6.2
1	0.3	0	1.1	9.5	10.8	2.7	6.2
1	0.3	0	1.1	9.5	10.8	2.7	6.2
1	0.1	0	0.9	10	10.8	2.6	6.2
0.9	0.2	0	0.9	10	11.5	2.4	6.3
0.9	0.2	0	0.7	10.2	11.5	2.4	6.3
0.9	0.2	0	0.7	10.2	11.5	2.4	6.3
0.9	0.4	0	1.1	9	12.1	2.4	6.3
1	1.3	0	1.1	8.6	118.2	0	8.2
1	0.5	0	1.3	10.6	57.4	0	7.1
1	0.5	0	1.1	12.8	30.2	0	6.6
1	0.4	0.3	0.6	14.5	22.8	0	6.6
1.2	0.3	0.3	0.6	13.7	21.4	0	6.5
1.4	0.4	0.3	1.2	12.1	20.7	0.2	6.5
1.3	0.7	0.4	1.4	11.6	20.7	0.2	6.5
1.3	0.7	0.4	1.1	11.9	19.3	0.5	6.4
1.3	0.7	0.4	1.1	11.2	18.6	0.7	6.4
1.3	0.7	0.4	1.1	10.6	15.9	1.3	6.4
1.3	0.7	0.4	1.1	9.2	14.6	1.8	6.3
1.3	0.7	0.4	1.1	10.6	14	1.6	6.4
1.3	0.7	0.4	0.9	10.1	14	1.8	6.3
1.4	1.1	0.4	1.1	10.1	42.9	0	6.8
1.7	16.3	0.5	8.5	3	89.7	0	7.9
1.5	13.5	0.5	4	10.7	68	0	7.6
2.2	18.8	0.6	8.4	6.2	130	0	8.9
4.8	19.2	0.7	10.3	22.6	383	0	14.1
6.6	19.5	0.9	6.6	21.1	116	0	9
6.1	23.6	0.7	3.8	2.3	51	0	7.4
4.7	33.1	0.7	3.8	3	35.4	0	7.1
4.3	25.4	0.7	3.8	3	30	0	6.9
4.3	25.7	0.7	2.8	3	28	0	6.9
4.1	25.9	0.6	2.9	3	26	0	6.8
4	24.4	0.5	5	3	25	0	6.8
4	15.6	0.5	8.5	3	25	0	6.8
4	19.2	0.5	9.5	3	23	0	6.7
3.8	19.4	0.5	10.5	3	21.4	0	6.7
3.8	21	0.5	10.5	3	21.4	0	6.6
3.6	19.6	0.5	10.5	3	19.8	0	6.6
3.6	16	0.5	10.5	3	19	0	6.6
4	15.8	0.5	10.5	3	20.6	0	6.6
4.3	17	0.5	10.5	3	85.4	0	7.9
5.6	14.2	0.5	10.5	3	64.8	0	7.5
5.4	14.4	0.5	10.5	3	35.4	0	7
4.7	20.5	0.5	10.5	3	34.2	0	6.9
4.3	13.1	0.5	8.5	3	34.2	0	6.8
4.3	14.3	0.5	8.5	3	39	0	6.9
4.3	14.3	0.5	9.5	3	34.2	0	6.8
4.1	14.5	0.5	9.5	3	32	0	6.8
4	14.6	0.5	9.5	3	29	0	6.7
3.8	14.8	0.4	10.6	3	28	0	6.6
4	4	0.4	10.6	3	27	0	6.7
4.1	6.2	0.4	11.6	3	27	0	6.7
4.5	9.7	0.4	16.6	3	42.6	0	7
5.4	11.8	0.4	11.6	3	35.4	0	7
4.9	5.4	0.4	13.1	9	32	0	7
4.9	8	2.07	23.93	3	30	0	6.9
4.7	8.8	2.8	12.7	12.1	28	0	7.1
4.5	7.1	2.53	12.97	13.1	28	0	7.1
8	11.6	2.8	8.7	39.1	27	0	7.6
16	10.9	2.56	8.94	35.9	27	0	7.6
12.1	16.8	2.8	8.7	30.9	27	0	7.6
9.3	11.9	2.61	14.64	27.65	26	0	7.5
8.7	10.1	2.44	17.81	25.75	26	0	7.5
8.7	17.1	2.92	18.33	16.55	26	0	7.5
8	15.4	2.97	17.28	17.55	25	0	7.4
7.4	13.9	2.29	16.96	15.85	26	0	7.3
6.9	14.4	2.66	13.84	15	55	0	7.8
6.9	12.45	2.36	13.14	13.65	61	0	7.9
6.9	10.5	2.17	12.33	14.4	60	0	7.8
6.9	10.5	2.93	11.57	13.3	51	0	7.6
6.4	11	2.99	11.51	11.2	46.5	0	7.5
6.4	11	2.2	12.3	11.2	43.8	0	7.4
6.4	20.6	2.8	10.95	0.35	35.4	0	7.2
6.1	10.4	2.82	10.93	8.95	34.2	0	7.2
5.9	9.55	2.08	11.67	11.9	34.2	0	7.2
5.9	8.65	2.16	11.59	11.9	39	0	7.3
5.9	8.65	2.25	11.5	10	34.2	0	7.1
5.6	8.95	2.51	10.49	10.75	32	0	7.1
5.6	7.9	2.06	10.94	10	29	0	7
5.6	7.9	2.35	9.9	10.75	28	0	7
5.9	10.6	3	10	15.7	27	0	7.2
6.4	11	2.79	10.21	19.1	27	0	7.2
6.4	11	2.76	10.24	15.9	42.6	0	7.5
5.9	10.6	2.56	10.44	13.6	35.4	0	7.3
5.9	10.6	2.95	10.05	13.6	32	0	7.2
5.9	10.6	2.84	10.16	11.6	30	0	7.1
5.9	10.6	2.99	10.01	11.6	28	0	7.1
5.9	9.55	2.43	11.32	11	28	0	7.1
5.6	9.85	2.35	11.4	9.1	27	0	7.1
5.6	9.85	2.01	12.49	8.35	27	0	7.1
5.9	7.6	2.77	11.73	10.3	27	0	7.1
5.9	6.7	5.96	7.79	11.95	26	0	7
5.9	7.6	5.27	8.48	11.05	26	0	7
5.9	9.55	5.54	8.21	10	26	0	7
5.9	10.6	5.92	7.83	8.95	25	0	7
6.1	11.3	5.37	0.93	16.5	26	0	7
10.2	19.2	5.58	5.42	36.4	54	0	8.2
9.9	25.8	5.99	5.11	39.5	61	0	8.6
8.7	24.3	5.53	5.57	33.7	61.6	0	8.4
8	22.6	5.75	9.35	29.5	51	0	8.2
7.7	20.5	5.23	9.77	30.7	46.5	0	8.1
7.7	19.3	5.22	10.38	31	48.3	0	8
8	19	5.76	8.74	29.8	49.5	0	8.1
8	19	5.06	9.44	27.2	45	0	7.9
8	17.8	5.64	8.36	26.3	43.8	0	7.8
8	17.8	5	8	27.3	41.4	0	7.8
8	17.8	5.97	6.03	25.8	39	0	7.7
7.7	15.7	5.41	6.59	24.6	39	0	7.6
7.7	18.1	5.66	6.34	21	37.8	0	7.6
7.7	10.3	5.6	6	29.2	36.6	0	7.6
7.7	10.3	5.06	6.04	29.7	35.4	0	7.5
8	10	2.6	8.5	29.7	34.2	0	7.5
8	10	2.6	8.5	28.5	32	0	7.5
7.4	9	2.6	9	27.2	30	0	7.4
6.9	10.3	2.6	8.5	28.1	29	0	7.4
6.9	10.3	2.6	8.5	26.9	28	0	7.4
7.4	9.8	2.6	8	26.2	27	0	7.3
7.1	10.1	2.7	7.9	26.2	26	0	7.3
6.6	9	2.7	7.9	26.6	25	0	7.2
6.4	10	2.9	7.7	25.8	24	0	7.3
6.1	8.7	2.9	7.2	26.8	22.2	0	7.2
5.6	7.9	2.9	7.2	23.9	22.2	0	7.1
5.1	8.4	2.9	7.2	25.9	20.6	0	7.1
4.7	8.8	2.9	7.2	25.9	20.6	0	7.1
4.7	7.8	2.8	7.3	24.8	20.9	0	7.1
4.7	7.5	2.8	7.3	22.9	19.8	0	7
4.3	7.9	2.6	7	22.4	19.8	0	7
4.2	7.8	2.7	6.9	26.9	29	0	7.3
6.6	17.1	3.1	7	70.5	200	0	11.5
10.8	37.2	3.5	7.1	63.8	170.1	0	11.2
10.9	35.6	4	8.1	61.5	116	0	10.2
10.2	31.2	4.5	17	59.1	110.1	0	10.2
10.9	29.3	4.9	22.9	52.1	84.5	0	9.6
11.3	30.1	5.2	21.1	33.2	147.4	0	10.4
10.2	31.2	5.2	24.2	49.3	98.7	0	9.9
10.2	30	4.8	24.6	48.7	86.2	0	9.7
9.6	29.4	4.5	24.9	46.2	81.1	0	9.4
9.6	29.4	4.6	23.2	42.2	76	0	9.3
10.2	28.8	4.6	23.2	40.5	74.4	0	9.2
10.9	25.7	4.8	21.5	44.4	87.9	0	9.4
10.6	23.6	4.8	20.1	44.8	81.1	0	9.3
10.6	20.4	4.5	20.4	44.6	81.1	0	9.2
9.6	18.3	4.3	20.6	40.9	71.2	0	8.9
11	17.9	4.1	20.1	38.9	82.8	0	9.1
16.6	16.4	4	16	50.9	149.6	0	10.5
18.4	18.2	4	15.4	39.4	128	0	10
15.4	21.2	4.4	16.3	39.8	110.1	0	9.6
13.4	18.6	5.1	15.6	44.4	93	0	9.4
12.7	18.3	5.4	15.3	38.9	86.2	0	9.1
12	21	5.3	16.1	36.2	82.8	0	9
11.3	20.7	5.3	16.1	35.8	76	0	8.9
10.2	18.7	5.4	16	38.9	72.8	0	8.8
10.2	17.7	5.7	16.4	40.6	94.9	0	9.2
12.1	16.8	5.5	17.3	38.9	110.1	0	9.5
17.1	18.3	5.2	21.8	44.9	175	0	11
15.8	22	5.1	18.4	47.7	154	0	10.7
13.4	22	5.1	19.1	46	130	0	10.2
12.7	22.7	5.1	19.1	44.3	116	0	10
14.2	18.8	5.2	19	38.2	110.1	0	9.6
17.1	24.3	5.1	22.1	28.5	102.5	0	9.5
51.7	72.3	5.9	45	70.6	180	0	13.8
95.3	203.7	14	40.5	32.1	486	0	22.1
66.5	156.5	20.7	53.7	90.1	346	0	19.5
59.5	106.5	20.5	78	95.5	262	0	17.5
51.7	92.3	18.7	80.6	95.7	226	0	16.4
45.5	77.5	16.4	75.4	94.2	193.8	0	15.2
39.9	72.1	14.4	76.6	82	172.4	0	14.3
35	64	12.9	61.2	88.3	158.6	0	13.7
28.5	57.9	11.5	55.7	84.7	143	0	12.9
25.2	52.8	10.5	50.3	74.4	130	0	12.2
22	48.8	9.5	46.1	73.3	124	0	11.9
19.7	47.5	8.9	43.6	64.6	114	0	11.3
16.2	40.8	8	42.5	61.8	104.4	0	10.9
11.3	36.7	7.4	41.2	59.2	98.7	0	10.6
11.3	35.2	6.8	35.9	57.7	89.6	0	10.3
11.6	32.2	6.4	33.4	54.7	87.9	0	10.1
9.9	35.1	6.1	32.7	45.9	59.4	0	9.4
8.3	35.5	5.8	27.6	44.8	68	0	9.3
7.4	29.2	5.5	26.3	46.2	61.6	0	9.1
7.1	24.9	5.2	24.2	44.2	55.5	0	8.8
6.4	23.5	4.8	23.8	38.6	51	0	8.5
5.6	22.3	4.3	22	37.8	49.5	0	8.5
5.1	20.8	3.8	19.7	35.5	46.5	0	8.2
4.3	19.5	3.6	18.5	36.1	41.4	0	8.1
4.1	16.3	3.1	18.3	37.4	36.6	0	8
4.3	15.3	2.6	17.4	34.3	34.2	0	7.8
4.3	12.9	2.3	13.9	35.3	28	0	7.6
4	11.6	2	13.6	30	24	0	7.4
3.8	11	1.6	11.9	26.9	21.4	0	7.2
3.6	10.6	1.2	11.8	25.6	19.8	0	7.1
3.5	9.4	0.8	11.7	23.1	19	0	7
3.3	9.6	0.7	11.8	18.8	19	0	7
3.1	9.8	0.7	11.3	19.3	17.4	0	6.9
3	9.9	0.6	11.2	17.3	33	0	7.2
2.7	9.5	0.5	11	16.5	33	0	7.1
2.3	6.7	0.4	10.9	16.2	28.3	0	7
2.1	5.4	0.5	10.5	17	27.3	0	6.9
2.2	4.4	0.5	10.3	15.4	27.3	0	7
1.9	3.9	0.5	10	14.8	25.4	0	6.8
1.7	4.9	0.5	9.8	12.5	25.4	0	6.8
1.7	4.5	0.7	9.3	11.5	24.5	0	6.8
1.6	2.4	0.7	9.1	12.2	22.8	0	6.7
1.5	2.5	0.8	8.7	11.6	22.8	0	6.7
1.4	3.5	0.8	8.5	10.9	22.1	0	6.7
1.4	3.5	0.8	8.2	10.4	20.7	0	6.6
1.5	3.4	0.7	8.1	10.6	20.7	0	6.6
1.5	2.5	0.7	7.8	10.3	20	0	6.6
1.5	2.3	0.6	7.7	9.2	19.3	0	6.5
1.4	3	0.6	7.4	8.1	18.6	0	6.5
1.4	2.4	0.6	7.2	8.9	18.6	0	6.5
1.4	2.4	0.6	6.9	9.2	17.2	0	6.5
1.2	2.6	0.5	6.8	9.4	16.5	0.1	6.5
1	2.3	0.4	6.6	9.5	15.9	0.3	6.5
1	2.3	0.4	6.4	8.9	15.3	0.6	6.4
1	2.3	0.2	6.3	8.5	14.6	0.8	6.4
1	2.3	0.2	6.1	8.7	14.6	0.8	6.4
1	2.3	0.2	5.8	9	14	0.9	6.4
1	2.3	0.1	5.7	9.2	13.4	1	6.4
1	2.3	0.1	5.4	9.5	13.4	1	6.4
0.9	2.4	0.1	5.2	8.9	13.4	1.1	6.4
1	2.3	0.1	4.9	9.2	12.1	1.4	6.3
1	2.3	0.3	4.5	8.7	12.1	1.5	6.3
1	2.3	0.4	4.3	8.8	11.5	1.6	6.3
1	2	0.6	4.1	9.1	11.5	1.6	6.3
1.2	1.6	0.7	3.9	9.4	10.8	1.7	6.3
1.2	1.3	0.8	3.8	9.7	10.3	1.8	6.3
1	1.5	0.8	3.7	9.1	10.8	1.8	6.3
1	1.3	0.31	4.19	7.9	10.3	2.2	6.2
1	1.3	0.29	4.11	8	9.8	2.3	6.2
1	1	0.28	4.12	8.3	9.8	2.3	6.2
1	0.8	0.27	4.03	7.3	10.3	2.4	6.2
1	0.5	0.26	4.04	7.6	10.3	2.4	6.2
1	0.5	0.25	3.95	6.3	10.3	2.6	6.3
1	0.4	0.24	3.96	6.4	10.3	2.6	6.3
1.3	0.1	0.23	3.87	6.5	10.8	2.6	6.2
1.4	0	0.22	3.88	6.5	10.8	2.6	6.2
1.4	0.3	0.21	3.79	5.5	10.8	2.8	6.2
1.4	0.3	0.2	3.8	5.5	10.8	2.8	6.2
1.4	0.3	0.19	3.71	5.6	11.5	2.7	6.2
1.2	0.3	0.18	3.72	6.4	11.5	2.5	6.3
1.3	0.3	0.17	3.63	6.5	10.8	2.7	6.2
1.4	0.3	0.17	3.63	7.1	10.8	2.6	6.2
1.3	0.3	0.16	3.54	7.2	10.8	2.6	6.2
1.2	0.3	0.15	3.45	7.3	10.3	2.6	6.3
1.2	0.3	0.15	3.45	7.3	9.8	2.7	6.2
1.2	0.3	0.14	3.36	7.4	10.3	2.6	6.3
1.4	0.3	0.11	3.39	7.4	9.8	2.7	6.2
1.2	0.3	0.11	3.29	6.9	10.3	2.8	6.1
1.2	0.3	0.09	3.21	6.3	9.8	3	6.1
1.4	0.3	0.08	3.22	5.6	9.8	3.1	6.1
1.4	0.3	0.09	3.11	5.7	9.4	3.2	6.1
1.2	0.3	0.08	3.12	5.8	9.4	3.2	6.1
1.2	0.3	0.09	3.01	5.9	9.8	3.1	6.1
1.2	0.3	0.1	3	5.9	9.4	3.2	6.1
1.2	0.3	0.09	3.01	5.9	9.4	3.2	6.1
1.2	0.3	0.06	3.04	5.8	9	3.2	6.2
1.2	0.3	0.06	2.74	4.9	9	3.4	2.9
1.2	0.3	0.06	2.74	5	9	3.4	0
1.2	0.3	0.05	3.05	4.7	9	3.4	3
1	0	0.05	2.75	3.8	9	3.6	4
1	0	0.04	2.56	4.6	8.6	3.6	8.3
1	0.3	0.04	2.56	5.3	8.6	3.5	0
1	0.3	0.04	2.56	6.5	9	3.2	5
0.8	0.1	0.04	3.06	6	9	3.2	0
0.8	0.1	0.05	3.05	4.8	9	3.4	7.4
0.9	0	0.05	3.05	4.2	9	3.5	8
0.8	0.1	0.04	2.56	4.7	9	3.5	7.9
0.8	0.1	0.04	2.56	2.9	9	3.9	9.4
0.8	0.1	0.03	2.57	2.9	9	3.9	0
0.9	0	0.1	2.5	2.9	9	3.9	0
0.9	0	0	2.6	3.5	9	3.7	9.7
0.8	0.1	0	2.6	3.5	9	3.7	28.1
0.7	0.2	0	2.6	2.9	9	3.9	0
0.7	0.2	0	2.8	2.7	9	3.9	0
0.7	0.1	0	2.8	2.8	8.6	3.9	8.5
0.8	0.3	0	2.6	3.1	8.6	3.9	18.6
0.7	0	0	2.6	2.5	8.6	4	19.2
0.7	0	0	2.6	2.5	8.2	4.1	9.2
0.7	0	0.1	2.5	2.5	8.2	4.1	17.9
0.7	0	0.2	2.4	2.5	8.2	4.1	9.2
0.7	0	0.2	2.4	2.5	8.2	4.1	0
0.7	0	0.2	2.4	2.5	7.8	4.2	9.5
0.6	0.1	0.3	2.3	2.5	7.8	4.2	7.9
0.6	0.1	0.3	2.3	2.5	7.8	4.2	16.5
0.6	0.1	0.4	2.2	2.5	7.8	4.2	0
0.6	0.1	0.3	2.1	2.7	7.8	4.2	0
0.7	0	0.3	2.1	2.7	7.8	4.2	0
0.7	0	0.2	2.2	2.7	7.8	4.2	7.3
0.7	0	0.2	2.2	2.1	7.8	4.3	0
0.7	0	0.1	2.5	2.5	7.4	4.2	22.2
0.7	0	0.1	2.7	2.3	7.4	4.2	0
0.7	0	0	3.4	2.3	6.9	4.2	0
0.6	0.1	0	3.1	3.2	6.9	4.1	15.9
0.6	0.1	0.1	3	2	6.9	4.3	4.4
0.6	0.1	0.1	3	2.6	6.9	4.2	1
0.6	0.1	0.1	3	2.6	6.9	4.2	0
0.6	0.1	0.3	2.8	3.2	6.9	4.1	0
0.6	0.1	0.3	2.8	3.2	6.9	4.1	37.7
0.6	0.1	0.3	2.5	4.1	6.9	4	20.9
0.5	0.2	0.2	2.6	2.9	6.9	4.2	0
0.6	0.1	0.1	2.7	2.3	6.9	4.3	0
0.6	0.1	0.01	2.79	2.9	6.9	4.2	2.8
0.6	0.1	0.01	2.79	3.5	6.9	4.1	11.2
0.5	0.2	0.01	2.39	3.3	6.9	4.2	15.3
0.6	0.1	0.01	2.39	3.3	6.9	4.2	0
0.6	0.1	0.01	2.39	3.3	6.9	4.2	92.6
0.5	0.2	0.01	2.39	3.3	6.9	4.2	0
0.5	0.3	0.01	2.39	3.2	6.5	4.3	0
0.5	0.3	0.01	2.19	3.4	14	3	0
0.5	0.2	0.01	2.19	4.1	14	2.9	0
0.6	0.1	0.01	2.19	4.1	14	2.9	4.9
0.5	0.2	0.01	2.19	4.7	14	2.8	0
0.5	0.2	0.01	2.19	4.7	14	2.8	1.9
0.6	0.3	0.01	1.99	5.1	14	2.8	0
0.6	0	0.01	1.99	5	14	2.8	0
0.6	0.1	0.01	3.19	4.3	14	2.7	0
0.7	0	0.01	2.19	5.3	31.1	0	0
0.6	0.3	0.01	1.99	6.4	15.9	0.5	81.6
0.6	0	0.01	1.99	6.3	16.5	0.5	73.9
0.6	0	0.01	2.19	5.7	18.4	0.5	60.7
0.6	0	0.01	2.09	5.4	19	0.5	53.8
0.6	0	0.03	2.07	5.4	19.8	0.5	61.3
0.6	0	0.03	2.07	6.2	19.4	0.5	60.5
0.6	0	0.03	2.07	5.8	19.4	0.5	59.4
0.7	0	0.02	2.08	6.1	19.8	0.5	60
0.7	0	0.02	2.08	6.4	19.4	0.5	59.4
0.8	0.2	0.02	1.98	6.6	19.4	0.5	60
0.8	1.5	0.02	1.88	5.9	19	0.5	59.4
0.8	0.9	0.02	1.88	7	27.75	0.5	70.2
0.9	0.2	0.02	1.88	8	28.5	0.5	70.2
0.9	0.3	0.03	1.97	8.2	27.75	0.5	55.1
0.8	0.5	0.03	1.87	8	27.75	0.5	54.4
0.8	0.4	0.03	1.57	8.4	27.75	0.5	65.2
0.8	0.3	0.04	1.56	8.1	17.9	0.5	60.5
0.9	0.2	0.04	1.56	8.7	17.7	0.5	60.5
0.9	0.3	0.03	1.57	9.3	17.7	0.5	61.2
0.9	0.1	0.03	1.87	8.8	17.3	0.5	63
0.9	1.3	0.03	1.97	7.5	17.3	0.5	62.3
0.8	1.3	0.03	2.07	7.5	17.3	0.5	60.5
0.8	0.5	0.03	2.07	7.8	17.5	0.5	60.5
0.9	0.3	0.02	2.08	8.4	17.7	0.5	58
1	0.4	0.02	2.18	8.1	17.7	0.5	58
1	1	0.01	2.19	7.5	17.3	0.5	56.7
0.9	0.6	0.01	2.19	8.5	17.3	0.5	57.9
1	0.5	0.02	2.18	8.5	15	0.8	59
1.2	1	0.02	1.58	8.9	12.4	3.6	58.3
1	2.2	0.02	1.58	7.9	12.3	4.4	57.6
1	2.2	0.03	1.87	7.6	12.1	3.9	58.3
1	2	0.03	1.87	7.8	12.1	3.9	60.1
1	2	0.03	1.87	8.3	12.1	3.4	58.3
0.9	2.4	0.03	1.87	8	11.9	4.3	57.6
0.9	2.9	0.03	1.87	7.5	12.1	3.4	56.5
0.9	2.9	0.03	1.87	7.5	12.1	3.4	54.7
1	2.7	0.03	1.87	7.6	12.1	3.4	51.1
1.1	2.4	0.03	1.87	8.1	12.1	3.1	56.5
1.1	2.4	0.03	1.87	8.4	12.3	4	53.3
1.8	2.4	0.5	3.1	11.2	17.4	0.5	50.5
2.4	4.8	0.6	3.8	46	39	0.5	12.2
2.1	4.8	0.7	3.4	27.2	20.8	42	0.3
1.9	3.9	0.6	3.7	17.7	14.5	30.9	10.2
1.9	3.9	0.6	4	15.6	14	17.4	27.8
2	3.8	0.6	3.8	14.7	13.1	16.7	30.5
2.2	3.6	0.7	2.2	17.9	19	9.1	30.5
1.9	4.1	0.8	2	17.8	18.1	11.8	28.7
1.8	5.1	0.9	1.9	15.2	16.5	15.1	28.7
2.2	5.2	0.9	2	13.2	16.1	15.1	30.5
2.2	4.5	1	1.9	12.3	15.8	14.3	31.4
2.2	4.8	1	1.9	11.6	15.8	14.7	27.8
2.2	4.5	0.9	2	11.9	22.6	8.8	32.3
2.3	4.4	1	1.4	12.4	18.3	17.6	27.8
2.1	4.6	1	0.7	13.1	17.5	12.1	34.1
2	4.9	1	0.7	12.3	16.7	12.6	33.2
2.1	4.4	1.1	0.5	12.1	15.8	14.2	52.8
2	4.5	1.1	0.3	12.3	15.8	11.5	44.9
1.9	4.3	1.1	0.2	12.7	15.4	11	45.8
1.9	3.9	1.1	0.3	13	15.4	10.1	50.3
1.8	4	1	0.4	13	15	10.5	44.9
1.9	3.7	1	0.5	13.1	14.7	10.8	59.3
1.9	3.5	1	0.6	12.6	14.5	10.7	62.2
1.9	3.5	1	0.7	12.5	14.9	8.5	64
2.2	3.2	1.1	0.6	12.5	15	10.2	47.6
2.3	3.5	1.1	0.8	13.2	15.8	10.8	48.5
2.3	3.5	1.1	0.8	14.8	16.5	14.8	35
2.2	3.6	1.1	0.5	17.1	17.5	10.9	63.1
2.2	3.6	1.2	0.4	15.7	16.9	12	45.8
2.4	3.4	1.2	0.5	14.7	15.9	11.2	44.9
2.6	3.6	1.2	0.9	14.8	18.2	14.3	56.4
2.6	3	1.2	1	16.7	17.3	28.2	33
2.7	3.1	1.2	0.9	17.7	15.8	18.7	23.3
2.7	3.3	1.1	1	17.9	14.4	15.2	45.4
2.7	3.1	1.1	0.9	17.5	13.7	14.8	49.2
2.7	2.9	1.1	1.1	17.1	13.3	14.7	30.5
2.7	3.3	1.1	1.3	15.8	13.3	16.3	31.4
2.9	3.3	1	1.6	15.7	13.7	15.6	21.2
3.1	3.1	1.5	1.7	21.1	25.6	12.6	11.1
4.5	1.7	2.3	6.2	14.2	25	8.1	7
4.9	2.3	4.34	6.16	25.3	24.4	0.5	63.6
4.9	5.8	4.72	6.18	20.9	25.4	0.5	78
4.9	9.2	4.42	7.48	17.8	28.5	2	37.7
4.7	9.4	4.5	6.9	25	30.2	0.2	33.1
4.7	9	4.89	6.31	24.6	25.4	4.9	25.2
4.5	8.1	4.17	7.03	21.9	22.9	7.9	1.5
4.5	7.2	4.61	6.59	20.9	19.6	6.6	53
4.5	7.2	4.91	5.39	21	18.1	6.9	53
4.5	8.1	4.58	5.02	19	17.9	7.9	54
4.8	8.2	4.38	5.62	16.8	19.1	7.1	55
5	8.7	4.07	5.73	20.3	21.8	10.9	50.5
6.1	12.1	4.99	4.81	33.7	43.3	0.5	9
5.6	12.2	6.67	3.63	27.3	32.4	25.2	0.3
5.1	12.3	6.91	6.99	22.6	24.4	17	0.3
5	11.6	6.12	8.08	22.1	21.8	14.5	0.3
5	10.9	6.16	7.54	21.8	21.5	12.7	0.3
4.6	11.3	6.54	6.36	20.2	20.7	12.3	0.3
4.6	10.5	6.81	5.39	19.8	19.9	12.8	0.3
4.5	11	6.55	5.65	18.5	18.6	12.8	0.3
4.3	10.8	6.78	5.12	18.2	17.6	11.5	28.7
4.3	10.5	6.48	5.22	17.8	17.1	11.8	84.8
4.3	10.5	6.37	5.33	16.9	16.5	11.1	88
4.2	10.2	6.97	3.93	18.1	16.3	10.3	37
4.3	10.8	6.9	4.3	16.2	15.3	11.2	43
4.4	11.9	6.5	5.4	13.4	16	12.4	27.8
4.5	12.9	6.57	6.13	11.5	17.9	14.8	41.7
4.5	14.5	6.81	5.09	15.8	17.9	10.8	29.6
4.4	15.5	6.55	5.15	15.1	18.4	13.6	20.9
4.3	15.6	6.74	5.96	13.6	16.7	13.6	12.3
4.7	15.2	6.36	6.84	13.5	16.3	14.7	31.4
4.7	14.4	3.2	10.5	15.2	15.1	14.5	18.4
4.9	13.3	3.3	10.4	16.1	15.1	14.5	31.4
5.1	13.5	3.1	10.3	16	15.1	14.5	25.4
5.1	14	2.8	10.6	14.6	14.7	15.8	27.4
5.3	13.3	2.8	10.9	15.2	15.1	15	32.4
5.3	12.9	2.8	11.7	16.3	15.1	11.3	56.6
6.2	16.4	2.8	12	10.6	16.3	14.4	44.3
6.6	17.4	2.8	10.1	16.5	19.9	7.6	22.1
6.4	16.2	2.9	10.5	21.5	18.1	14.8	10.6
6.4	16.2	2.9	10.5	18.4	18.9	14.7	19
6.4	15.3	2.9	10.5	18.8	18.4	10.9	3.8
6.4	15.7	2.8	10.4	19.6	18.6	9.7	16.4
6.9	15.7	2.8	12.4	19.2	43.7	16.3	0.3
6.8	14.9	2.9	10.8	26.3	31.6	24.7	0.3
6.7	15	3.4	9	28.1	26.9	23.9	0.3
6.9	14.8	3.3	8.9	24.1	23.2	24.8	3
6.9	14.8	3.3	8.9	23	22.6	19.7	9.8
6.9	14.8	3.2	8.5	22.5	21.8	12.7	14.6
7.2	16.3	4	10.4	20.1	40.3	3.7	3
8.3	19.7	4.2	10	30.6	45.5	19.7	0.3
8.3	18.2	4.2	11.6	31.6	34.2	35.9	0.3
8	18.5	4.2	11.1	30.4	29.9	26.9	0.3
8	18.5	4.1	11.2	28.1	27.5	39.6	0.3
8.3	18.2	4	10.8	27.5	26.3	21.9	0.3
8.4	18.1	3.9	10.9	25.8	23.8	22.1	0.3
17.2	10.3	4	11.3	23.7	29.4	50.1	0.3
29.8	10.4	4.1	14	77.7	38	259	0.3
28.8	11.3	4.6	13.2	49.1	74.2	151.8	0.3
26.2	12.1	4.8	13.9	39.8	55.7	104.5	0.3
26.2	9.6	5	13.7	35.8	46.8	69.9	0.3
25.8	8.2	5	13.7	34.5	41.8	57	0.3
27	5.3	5	13.1	34.3	37.7	48.6	0.3
27	3.7	5	13.1	32.2	36.1	46.9	0.3
26.6	3	5	13.1	32.1	34.6	44.6	0.3
27	4.3	5	13.4	30.1	32.8	42.4	0.3
20.1	27.5	5.2	15.7	27.8	81.8	11.9	0.3
19.5	34.5	6.1	14.4	28.5	59.5	72.5	0.3
17.9	28.9	6.6	13.9	41.7	53.6	44.4	0.3
16.8	29.3	7	18.6	37.3	50.2	52.8	0.3
16.2	26.5	7.8	18.4	35.1	45	56	0.3
17.5	25.2	8.1	18.4	31.8	44.5	52.5	0.3
18.4	29.9	8.6	18.5	27.6	45.8	47.2	0.3
21.4	31.9	10.2	17.8	36.7	46.3	46.7	0.3
19.5	33	13.3	17.8	32.4	50.1	57.9	0.3
18.5	29.7	13.6	17.5	33.7	48.7	58.3	0.3
17.7	27.7	13.1	20.2	34.3	47.8	57.2	0.3
19.5	34.5	12.6	24.4	27	54.3	49.7	0.3
22.1	38.8	12.7	21.7	25.7	55.7	56.3	0.3
20.2	38.4	14.4	21.5	28.5	50.6	61.4	0.3
19.5	36.8	13.9	23.1	26.7	48.7	64.3	0.3
18.1	34.4	13.6	21.9	30	44.5	63.5	0.3
17.6	28.5	12.6	21.4	35.9	43.2	42.8	0.3
17.7	25.6	11.9	21.4	34.4	40.2	59.8	0.3
17.5	22.7	11.2	22.8	32.8	39.3	60.7	0.3
16.8	21.5	10.8	23.2	28.7	38.9	60.1	0.3
17	18.2	10.6	22.7	31.1	37.3	56.1	0.3
17.5	20	10.6	18.4	35.5	39.4	53.6	0.3
30.5	53.4	11	18.7	13.4	96.1	60.9	0.3
31.4	56.3	14.2	26.8	11.3	76	45	0.3
27.8	53.1	10.15	33.25	21.7	63.3	53.7	0.3
27.5	47.9	10.63	34.37	20.6	59.4	56.6	0.3
30.8	52.1	10.07	35.83	9.2	57.8	51.2	0.3
37.8	47	10.42	38.88	10.9	66.3	39.7	0.3
35.7	55.9	10.84	38.46	15.1	68.6	45.4	0.3
31.3	51.6	10.15	39.15	19.8	57.8	60.2	0.3
29.3	45.2	10.47	37.93	20.1	53.1	60.9	0.3
29	42.8	10.5	34.5	19.2	52.1	50.9	0.3
28.7	43.1	10.63	32.77	19.8	55.7	46.3	0.3
27.3	42	10.28	29.92	21.5	50.2	51.8	0.3
27	41.4	10.48	28.92	17.2	50.1	42.9	0.3
25.4	40.4	10.46	27.74	19	46.3	41.7	0.3
23.9	38.6	10.86	27.34	20.3	44.5	37.5	0.3
22.9	36.4	10.22	26.78	20.7	43.6	39.4	0.3
21.6	36.2	10.31	25.99	17.9	43.2	34.8	0.3
20.9	39.5	10.19	26.11	19.3	42.3	22.7	0.3
45.8	87.2	10.7	25.3	40	369	0.5	0.3
70.5	146.5	12	20.9	3	270	287	0.3
61.7	121.3	6.38	43.32	3	154	121	0.3
51.4	89.6	6.51	45.29	16.2	109	112	0.3
45.3	82.7	6.21	45.69	7.1	66.46	127.54	0.3
42	73	6.19	44.81	9	51.77	119.23	0.3
41.3	71.7	6.23	44.77	3	48.45	105.55	0.3
40	76	6.59	40.91	3	33.59	107.41	0.3
38.9	75.1	6.86	37.34	3	39.09	101.91	0.3
40	72	4.62	38.78	3	36.02	98.98	0.3
39.3	71.7	4.52	38.88	3	38.57	93.43	0.3
40	69	4.29	39.11	3	39.16	89.84	0.3
41.7	70.3	4.05	39.35	3	33.65	95.35	0.3
42.8	77.2	4.58	39.62	3	39.69	89.31	0.3
42.8	79.2	4.2	41.7	3	33.82	94.18	0.3
42.8	76.2	4.43	43.17	3	31.75	96.25	0.3
40.3	70.7	4.78	42.42	3	37.19	89.81	0.3
36.3	67.7	4.54	42.16	0.3	32.81	101.19	0.3
30.7	62.9	2.38	42.32	6.7	30.23	94.77	0.3
25.9	57.9	2.29	40.31	11.6	39.31	88.69	0.3
24.6	51.7	2.46	36.94	16.3	71.6	49.4	0.3
24.4	47.4	2.6	34.4	15.2	69.2	55.8	0.3
27.5	48.8	2.82	32.68	8.2	83.3	41.7	0.3
26.8	45	2.68	32.12	13.4	68.6	54.4	0.3
22.4	43.4	2.41	31.59	19.2	67.4	54.6	0.3
21.4	39.5	2.68	31.32	15.1	67.4	59.6	0.3
23.6	50	2.68	31.32	0.4	111	32	0.3
28.2	58.5	2.13	27.97	3	198	0.5	0.3
28.4	54.4	2.97	29.63	4.6	239	56	0.3
38.3	37.1	2.53	30.07	11	168	81	0.3
31.9	44.4	5.3	27.3	5.1	116	38	0.3
26.8	48.6	5	26.8	6.8	96.3	26.7	0.3
26	48.5	4.6	25.8	4.1	94	21	0.3
24.6	48.1	4.9	25.5	3.9	88.9	26.1	0.3
21.1	48.2	5.7	24	11	79.3	22.7	0.3
18.4	41.8	8.3	21.4	15.1	73.4	30.6	0.3
15.2	40.3	8.7	21.7	13	66.8	34.3	0.3
12.2	37.5	7.5	22.2	12.9	63.3	34.4	0.3
11.4	30.6	6.2	22.1	15	58.8	34.9	0.3
10.1	28.2	5.1	20.5	15.3	53.6	37.2	0.3
8.9	22.4	4.3	20	21.8	47.8	33.8	0.3
8.6	20.4	3.8	16.7	23.8	43.2	36.5	0.3
8.3	19.7	3.1	15.6	17.6	39.8	32.9	0.3
7.3	19.2	2.3	16.4	15.4	36.9	23.5	0.3
6.8	18.2	2.4	14	16.1	33.5	22	0.3
5.8	17.7	2	13.3	15.6	32	16.6	0.3
5.6	17	1.9	12.3	15.6	29.9	13	0.3
5	17.6	2	9.2	14.7	27.2	15.9	0.3
4.5	17.6	2	8.9	12.7	26.6	13.3	0.3
4.9	16.4	2	8.9	11.6	25.6	11.5	45.1
4.5	16.3	1.9	7.9	11.4	24.7	9.8	18.5
4.2	16.6	1.9	7.9	10.1	23.2	8.2	4.4
4.8	15.6	1.8	8.5	8.3	21.8	8.2	12.6
4.4	14.2	1.8	8.5	9.2	20.7	4.2	25.8
4.5	12.5	1.7	7.6	11	18.6	6.1	26.8
4.5	11.8	1.6	7.7	11.7	17.6	12.1	21.8
4.3	11.6	1.6	7.3	12.5	16.9	11.8	21
4.3	10.5	1.7	7.2	11.9	16.7	11.7	21.2
4	8.4	1.6	7.3	13.5	16.5	9.7	8
3.8	7.9	1.6	7.3	12.2	16.9	8.6	16.7
3.7	7.4	1.5	7.4	11.6	16.5	9.3	22.4
3.4	5.9	1.4	7.5	12.6	16.5	8.3	20.9
3.4	6.7	1.4	7.5	11	16	6	29.6
3.5	6.1	1.4	7.5	10.8	16	10.3	1.4
3.5	5.8	1.4	7.3	10.5	16	11.1	26.9
3.1	5.6	1.5	7	10.6	16	10.9	0.3
2.9	5.5	1.5	7	10.9	16.5	10.4	0.3
3.1	4.1	1.7	6.8	12.1	16.5	10.4	0.3
2.9	3.1	1.7	6.8	13.3	16.3	10.6	0.3
2.9	2.5	1.6	6.4	13.2	16.3	10.9	0.3
2.7	2.5	1.4	6.6	12.4	15.8	10.6	0.3
2.6	2.4	1.2	6.8	11.5	15.5	10.2	5.3
2.4	2.8	1.4	6.6	10.3	15.3	9.6	8.6
2.2	3	1.4	6.4	9.5	15.1	9	80.4
2	3.2	1.3	5.1	9.3	15.1	7.9	57.1
1.7	3.5	1.2	5.2	8.6	14.5	9.2	19.1
1.5	3.1	1.1	4.9	9.3	13.6	7.9	26.1
1.3	2.9	1	5	8.8	13	7.8	70.2
1	2.8	0.9	5.1	8.8	12.4	9.6	28.4
1	2.7	0.6	5.4	8.3	12.1	7.3	33.1
1	2.5	0.4	5.3	8.5	11.5	6.6	30.2
0.9	2.1	0.3	4.1	9.7	11.5	4.3	34.6
0.9	1.4	0.4	3.5	9.8	11.2	5.7	34.6
0.9	1.1	0.5	3.4	9.5	11.2	7	35.4
0.8	1.2	0.6	3.3	8.2	11.2	7.6	79.1
0.8	1.2	0.7	3.2	7.6	10.8	7.9	50.8
0.9	1.2	0.8	3.1	6.9	10.6	8	24
1	1.1	0.8	2.5	7.3	10.5	6.2	26.1
1	0.6	0.7	2.6	7.3	10.1	6.4	29.8
1.1	0.3	0.8	2.5	7.5	10.1	5.7	99
0.9	0.2	0.8	2.5	7.3	10.1	5.5	53.7
0.9	0.1	0.8	2.2	7.9	10.1	3.4	39.1
0.8	1	0.8	2.2	6.4	10.1	4.1	49.6
1	0.8	0.7	2.3	6	10.1	5.1	29.5
0.9	0.9	0.6	2.2	6.4	10.1	4.3	39.1
0.9	0.9	0.6	2.2	6.6	10.1	4.7	40
1.1	0.5	0.8	2	6.4	10.1	5.1	12.4
1	0.6	0.8	2	6.4	10.1	5.1	9
1	0.6	0.9	1.9	6.4	10.1	4.5	49.6
1.2	0.3	1	1.8	6.3	10.1	4.7	52.6
1.1	0.2	1	1.8	6.2	10.1	5	52.6
1.3	0.3	1.2	1.6	6.3	10.1	5	65.2
1.3	0.3	1.2	1	7.5	10.1	5.1	92
1.2	0	1.1	1.1	7.4	9.8	4.1	118.3
1.2	0.3	1.2	1.2	7.3	9.8	2.8	203.6
1.2	0.3	1.1	1.4	7.2	9.5	3.7	141
1	0	0.8	1.7	6.8	9.3	3.8	136.6
1	0	0.8	1.7	6.8	8.8	4.3	67.2
0.9	0.1	0.7	1.8	6.8	8.7	4.4	85.6
1.1	0.3	0.6	1.9	6.8	8.5	3.9	223.3
0.9	0	0.4	2.1	6.9	8.3	4.1	177.3
0.9	0	0.3	2.2	6.9	8.1	3.7	182.9
0.9	0.3	0.3	2.2	6.5	8	4.3	178.9
0.9	0.3	0.4	2.1	6.2	7.7	4.3	226.6
0.9	0.3	0.5	1.9	5.8	7.7	4.8	203.6
0.9	0.3	0.4	1.8	6	7.4	3.9	228.8
0.9	0.3	0.3	2.1	5.8	7.4	3.3	176.4
0.9	0.3	0.3	1.9	5.7	7.1	3.4	180
0.9	0.3	0.3	1.9	5.8	6.9	4.2	147.4
0.9	0.3	0.2	1.8	6.1	6.9	4.2	209.4
0.9	0.3	0.2	1.8	6.1	6.9	3.6	126
0.9	0.3	0.2	1.7	5.7	6.9	3.4	66.8
0.9	0.3	0.2	1.8	5.6	6.9	3.4	47.6
1	0.3	0.2	1.8	5.2	6.9	3.8	77.6
0.9	0.3	0.2	1.5	5.4	6.9	3.8	147.6
0.8	0.3	0.2	1.5	5.4	6.9	3.8	126.6
0.9	0.3	0.1	1.6	5.6	6.9	3.8	165.6
0.7	0.3	0.1	1.6	5.3	6.6	4.5	59.6
0.7	0.3	0.1	1.6	5.1	6.4	4.7	56.6
0.7	0.3	0.1	1.4	4.9	6.4	5.1	68.6
0.7	0.3	0.1	1.4	4.8	6.4	5.1	157.6
1.1	0.3	0.2	1.3	4.8	6.4	4.5	96.2
0.8	0.3	0.1	1.4	4.8	6.4	5.1	154.6
0.6	0.3	0.1	1.4	4.9	6.1	5.4	111.6
0.9	0.3	0.1	1.4	4.5	6.1	5.2	105.2
0.9	0.3	0.1	1.4	4.5	6	3.5	89
0.9	0.3	0.1	1.4	4.6	5.9	3	134.6
0.8	0.3	0.1	1.4	4.7	5.7	3.2	199.6
0.9	0.3	0.1	1.4	4.3	5.7	3.1	232.1
0.8	0.3	0.1	1.4	4.3	5.7	2.5	148.7
0.9	0.3	0.1	1.6	4.1	5.7	2.5	203.7
0.9	0.3	0.1	1.5	4.2	5.7	1.4	201.8
0.8	0.3	0.1	1.4	3.9	5.6	1.3	104.3
0.9	0.3	0.1	1.5	2.8	5.4	2.6	110.3
0.8	0.3	0.1	1.5	2.8	5.4	2.6	92.3
0.9	0.3	0.1	1.4	3.7	5.4	2.4	175.8
0.9	0.3	0.1	1.4	3.7	5.2	2.6	212.8
0.9	0.3	0.1	1.4	4.1	5.2	2.2	176.8
0.8	0.3	0.1	1.4	4.1	5.2	2.8	124.2
0.8	0.3	0.1	1.4	4	5.2	2.8	192.2
0.8	0.3	0.1	1.4	4	5	3.5	183.7
0.8	0.3	0.1	1.4	4	5	3	151.2
0.9	0.3	0.1	1.4	4	5	3	96.2
0.9	0.3	0.1	1.4	3.9	5.1	2.9	152.2
0.8	0.3	0.1	1.4	3.9	5.2	2.8	205.2
0.8	0.3	0.1	1.4	3.7	5.2	2.8	118.2
0.8	0.3	0.1	1.4	3.7	5.2	3.3	106.7
0.9	0.3	0	1.4	3.8	5.4	3.1	131.7
0.9	0.3	0	1.3	3.8	5.4	3.7	97.1
1	0.3	0.1	1.2	4.2	5.4	3.9	40.1
0.9	0.3	0.1	1.4	4.4	5.4	3	45.1
1	0.3	0.1	1.4	3.9	5.4	3.9	78.8
0.9	0.3	0.1	1.4	3.9	5.7	3.6	80.6
0.9	0.3	0.1	1.4	4.3	5.7	2.7	75.7
1	0.3	0.1	1.4	3.9	5.7	3.6	91.6
1	0.3	0.1	1.4	3.9	5.7	3.1	72.1
1	0.3	0.1	1.4	3.9	5.9	2.9	66.7
0.9	0.3	0.1	1.2	4.1	5.9	3.4	71.6
0.8	0.3	0.1	1.2	4.1	5.9	4	89
1.1	0.3	0.1	1.2	4.1	6	3.9	81.8
0.9	0	0.1	1.3	3.8	6.1	3.8	85
0.9	0	0.1	1.4	3.4	5.9	4.3	81.8
0.9	0.1	0.2	1.3	3.3	6.1	4.1	81.8
1	0.3	0.3	1.2	3.4	6.1	4.1	78.2
0.8	0.1	0.4	1.1	3.7	6.1	4.4	83
0.9	0.1	0.5	1	4	6.1	4.6	62.6
0.9	0.1	0.5	1	4	6.3	4.4	62.6
1.1	0	0.5	1	3.5	6.4	4.7	66.2
0.8	0.3	0.5	1.2	3.3	6.4	5.3	63.8
1.2	0.3	0.5	1.2	3.4	6.4	5.9	53.6
1.1	0	0.5	1.2	3.4	6.4	7	40.4
1	0.6	0.5	1.1	2.6	6.1	6.6	14.8
1	0.6	0.5	1	2.7	6.1	6.8	20.1
0.9	1.2	0.5	0.9	3	6.1	6.1	16.6
0.9	1.2	0.6	0.8	2.3	6.4	6.5	21.8
0.8	1	0.5	0.9	3.3	6.4	6.1	24.9
0.9	0.9	0.5	0.7	3.5	6.4	5.8	19.7
1	1	0.5	0.7	3.7	6.5	5.6	22
1	2.2	0.6	0.6	2.1	6.4	6.6	15.9
1.1	2.5	0.5	0.8	1.6	6.4	6.1	25
1.1	2.1	0.5	0.9	2.7	6.4	5.8	34.5
1	2	0.4	1.2	3.4	6.4	5.5	18.9
1	2	0.4	1.2	5	6.4	3	21.5
1.1	1.9	0.4	1.2	5	6.5	4.9	16
1.1	2.1	0.5	1.1	5.6	6.7	3.4	16.5
1.1	2.1	0.5	1.4	5.3	6.4	4.9	32.9
1.2	1.8	0.5	1.4	5.9	6.5	4.9	11.8
1.3	1.7	0.5	1.2	5.7	6.7	5.1	16.6
1.4	1.6	0.6	1.1	5.7	6.7	8.1	19.2
1.3	1.3	0.5	1.2	5.7	6.7	6.1	17.6
1.4	1.2	0.4	1.4	6.8	6.7	3.5	10.9
1.5	1.7	0.4	1.2	6.4	6.7	5.2	4.4
1.5	3.9	0.5	1.1	3.4	6.4	6.2	9.5
1.5	4.1	0.6	1	4	6.7	5.9	5
1.5	2.1	0.6	1	6.4	8	4.5	9.2
1.6	3	0.6	1	5.9	8.7	3.8	11.1
1.6	3.2	0.8	0.8	5.7	9.4	6.6	10.5
1.5	2.8	0.8	0.9	6.1	9.4	3.1	13.3
1.5	2.8	0.9	1	5.4	9.4	3.9	13
1.5	2.8	1	0.9	5	9.6	5.8	12.4
1.4	2.9	1	0.8	6	9.8	4.7	12.4
1.4	2.7	0.9	0.8	4.6	9.8	6.7	9.5
1.2	2.9	0.9	0.8	4.6	9.8	7	5.1
1.2	2.9	1	0.7	4.6	9.8	7	0.3
1.2	2.9	1	0.7	4.6	10	7.1	3.3
1.3	2.8	1	0.9	3.6	10.2	6.8	6.3
1.4	2.7	1	0.9	6.2	10.5	3.3	11
1.4	2.7	1	0.9	2.7	15.5	4.9	21.7
13.9	0.3	1	1	3	298	190.7	0.3
9	0	1	1.1	3	89.6	353.99	0.3
3.7	8.4	1	1.1	3	27.5	189.5	0.3
2.9	9.2	0.9	1.2	3	19.8	44.5	0.3
2.5	7.9	1	1	3	16.8	35.6	0.3
2.5	6.9	1	0.8	3	15	30.7	0.3
2.4	5.5	1	0.8	2.3	13.8	23.5	0.3
2.1	3.8	1	0.8	3.3	13.4	22	0.3
2.1	4.4	0.9	0.9	4.7	12.7	17.5	0.3
2.1	5.8	0.9	1	3	11.8	22.2	5.1
2	5.9	0.9	0.9	3	11.8	23	7.7
2.1	6.4	0.8	1.1	3	14.8	22.5	5
14.3	6.9	0.8	1.3	3	39.8	98.2	0.3
10.5	46.2	0.8	2.9	3	143	279	0.3
8	33.8	0.8	4.5	3	40.4	104.6	0.3
6	25.3	1.1	4.8	41.2	42	7.6	0.3
5	20.2	1.3	4.6	31.2	33.15	3.95	0.3
4.7	15.8	1.1	5	27.1	25.95	0.5	0.3
4.5	13.6	1.1	5.2	21.4	24.75	5.05	93.4
4.3	13	1.1	5.5	18.5	24.75	0.85	52
4.3	12.2	1.1	5.5	16.4	24.75	2.15	61.6
4	11.8	1.1	5.9	15.7	24	0.5	67.6
4	11.4	1	5.3	14.6	23.25	2.35	60.1
3.8	11.6	1	2.5	16.3	22.95	0.85	54
3.8	10.8	1	2.5	14.3	22.2	1.9	58.5
4	10.3	1	2.5	14.6	14.5	9.6	80.5
4	9.2	1	2.4	14.8	14.3	8.6	115.7
4	8.5	1	2.2	14.1	14	9.1	115.1
3.8	8.7	1	2.2	12.5	14.8	10.3	132.7
3.8	9.8	1.1	2.5	15.2	15.5	8.3	147.8
4.3	13.8	1.2	3.3	47.3	18.6	0.5	26.7
6.2	20.8	1.9	4.6	38.7	29.6	0.5	82.9
5.6	22.4	2.3	2	34.4	22.5	9	66.8
6.1	18.7	2.3	3.3	34.4	19.8	0.5	75.3
6.1	17.8	2.5	2.6	48.7	23	0.5	108.3
6.5	20	6.82	0.88	51.5	23	0.5	10.9
6.4	23.9	6.42	0.1	41.9	22.7	0.5	88
14.1	24.6	6.08	6.32	172.9	214	0.5	0.3
12.2	30.3	6.42	2.18	103.9	92.1	313.9	0.3
9.4	29.3	6.49	1.61	75.2	45.2	0.5	0.3
8.5	25.6	6.46	5.84	62.6	33.5	10.5	22
7.8	23.9	6.54	5.26	55.2	29.5	7.8	31
7.5	22.3	6.64	5.16	53.7	27	0.5	40
7.1	21.8	6.83	6.57	49.6	24.4	0.5	18
6.8	20.7	6.07	6.53	47	23	0.5	31
6.6	19.5	6.42	5.88	43.3	22.1	0.5	45
6.6	18.2	7	4.8	41.2	22.1	0.5	92.9
7.1	24.6	6.35	5.95	32.4	22.4	0.5	85.6
7.2	27.9	6.46	3.94	30.9	22.7	0.5	57.6
7.5	29.2	6.69	3.71	24.7	22.4	0.6	56.2
10	37	6.71	8.29	19.1	27.3	0.5	0.3
11.4	37.4	6.1	7.3	31.1	25.3	0.5	0.3
9.9	32.9	6.33	6.57	49.3	25.3	0.5	0.3
9.2	27.9	6.3	11.8	45.8	23.4	3.6	0.3
9	26.6	6.65	10.75	45.8	24	0.2	0.3
9.2	25	6.97	9.23	45.6	31.3	38.7	0.3
8.9	24.8	6.86	8.14	45.3	28	0	0.3
9	24.2	6.91	6.99	42.7	25	0.5	0.3
12.3	30	9.9	10.4	48.4	83.9	10.1	0.3
17.8	33.9	9.83	5.47	68	117	28	0.3
14.4	33.9	9.39	10.51	53.8	57.5	54.5	0.3
12.6	29.2	9.97	9.93	55.3	42.8	27.2	0.3
12.1	23	9.26	10.34	55.3	37.5	31.5	0.3
11.2	19.6	9.57	9.73	52.9	33.6	30.4	0.3
11.7	23.4	9.75	9.25	42.6	32	25.3	0.3
13.3	19.9	9.72	9.28	55.8	114	149	0.3
17	29.1	9.42	6.78	79.7	164	92	0.3
15.5	27.8	9.87	7.23	61.6	67	79	0.3
14.6	27.7	9.92	6.88	58.9	51.2	41.8	0.3
15.1	29.9	9.1	7.7	52.2	97.6	43.4	0.3
20.7	31.5	9.67	7.73	70.4	174	71	0.3
18.8	28.4	9.53	9.77	63.5	82.1	69.9	0.3
17.6	27.9	9.65	10.35	62.5	66.2	43.8	0.3
16.4	26.9	9.85	10.75	60.1	57.8	31.2	0.3
15.5	26.9	9.9	9.8	60.9	54.7	7.3	0.3
25.4	44	9.44	20.66	172.5	141	80	0.3
32.6	46.6	9.96	13.94	135.9	155	545	0.3
25.6	46.5	9.64	23.76	94.5	107	410	0.3
22.8	47.4	9.44	27.36	73	83.3	134.7	0.3
22.3	46.6	9.2	27.1	64.8	70.8	103.2	0.3
21.8	42.2	9.97	22.33	66.7	64.4	80.6	0.3
20.7	41.5	9.06	20.84	63.9	60	66	0.3
20.1	40.3	9.28	17.82	62.5	55.8	52.2	0.3
19.7	34.8	9	16.1	65.4	53.2	41.8	0.3
19.2	33.6	9.63	14.47	62.1	51.2	39.8	0.3
19.2	31.8	9.85	17.15	59	49.7	37.3	0.3
17.6	31.8	9.82	16.18	63.6	58	31	0.3
17.6	36.9	9.94	19.06	59.5	54.2	46.8	0.3
20.7	35	9.68	21.52	73.1	154	72	0.3
21.4	40.8	13.62	31.28	69.9	101	112	0.3
20.7	40.3	13.44	31.66	55.9	80.7	69.3	0.3
19.5	41.5	13.43	28.57	60	73.8	48.2	0.3
18	41.8	13.32	30.22	54.66	61.7	47.3	23
18.2	41	13.99	30.11	49.7	61.1	37.9	54
18.2	29.65	13.07	28.23	61.85	59.5	32.5	101
19.7	20.5	13.86	27.44	80.5	88.1	28.9	26
19.5	23.43	13.95	27.35	71.77	70.2	41.8	39
18.8	22.07	13.31	29.67	70.15	64.4	33.6	77
18.2	27.6	14	29.54	60.66	61.1	32.9	0.3
20.1	25.17	13.65	31.01	61.07	114	20	35
20.5	22.77	13.45	31.77	69.51	90.7	42.3	67
19.2	21.77	13.19	28.28	80.56	81.9	39.1	26
18.8	29.5	13.55	27.92	68.23	73.8	31.2	51
18.8	25.28	13.2	28.27	67.45	69.6	27.4	43
17.6	28.24	13.67	26.76	65.73	69	20	81
18	12.35	13.78	26.65	81.22	68.4	21.6	64
6.48	28.82	13.24	19.16	89.3	66.1	18.9	87
12.09	21.33	13.8	21.6	69.79	66.7	39.69	81
9.2	22.16	13.81	22.49	70.91	69	43.43	70
12.31	26.81	13.34	17.76	65.89	61	75.89	0.3
13.6	18.89	13.11	16.59	68.63	65	84.18	0.3
9.86	24.15	13.81	14.29	59.82	57.1	93.97	0.3
7.96	29.66	8.95	20.15	53.58	54.89	95.81	0.3
8.12	26.93	8.67	18.73	59.94	52.96	83.65	0.3
7.9	30.6	8.21	17.55	63.38	48.8	63.56	0.3
7.59	16.28	8.66	15.84	80.31	44.68	60.64	0.3
7.2	12.98	8.99	14.6	82.8	41.11	59.32	0.3
9.98	13.68	8	14.61	67.67	40.86	65.2	0.3
7.1	22.57	5.71	16.62	53.49	41.85	68.66	0.3
6.82	22.9	5.96	15.81	42.92	41.03	74.56	0.3
6.43	16.24	5.69	16.08	50.09	38.44	71.03	0.3
6.2	19.81	5.1	16.11	46.11	36.92	70.75	47
8.94	14.04	5.34	15.31	49.66	34.39	71.32	0.3
6.39	18.26	5.38	14.99	49.58	35.09	69.31	0.3
5.27	7.48	5.13	15.52	54.38	30.13	82.09	0.3
7.22	4.58	5.72	14.93	49.06	26.54	93.95	0.3
6.53	5.72	5.96	14.97	41.43	24.86	106.53	0.3
7.22	4.69	5.32	17.99	38.37	25.82	104.59	0.3
6.02	4.3	5.37	14.31	44.97	25.8	109.23	0.3
3.2	14.57	5.13	15.09	35.5	23.53	110.98	0.3
3.86	9.45	3.6	16.62	36.43	21.71	119.33	0.3
4.53	7.96	3.83	16.39	32.7	21.4	125.19	0.3
6.29	7.87	3.41	16.81	28.03	21.78	133.81	0.3
7.17	5.2	3.4	13	33.51	22.57	136.15	0.3
4.84	13.56	3.57	12.18	27.61	22.23	125.01	0.3
7.01	11.38	3.58	11.97	27.73	20.94	125.39	0.3
6.73	12.19	3.84	10.91	28.46	19.06	126.81	0.3
4.29	6.34	1.74	11.41	38.33	16.19	118.7	0.3
6.23	7.57	1.11	11.49	36.18	15.87	104.55	0.3
2.85	9.91	1.3	10.9	37.23	15.34	99.47	0.3
3.54	10.73	1.67	16.03	30.68	15.53	92.82	0.3
4.93	6.74	1.36	10.52	38.52	14.51	85.42	5
4.7	10.42	1.06	9.71	35.93	12.57	85.61	11
7.17	12.74	1.87	9.73	30.52	14.33	86.64	2
7.2	7.21	1.03	1.67	45.55	14.62	79.72	4
4.26	6.49	1.43	2.77	45.16	15.94	68.95	0.3
4.43	9.49	1.14	7.56	34.01	14.74	69.63	0.3
5.34	7.5	1.95	12.25	25.61	15.77	60.58	0.3
9.3	9.69	1.21	18.09	13.67	13.28	50.76	0.3
7.2	3.46	1.35	13.65	26.88	9.68	46.78	1
6.2	8.68	1.31	12.59	23.42	6.3	44.5	10
4.9	14.41	1.75	1.94	29.17	6.95	40.88	19
4.9	8.1	1.4	9.7	27.28	9.66	33.66	10.3
5.8	4.26	1.52	10.58	28.24	8.75	32.35	9.5
16.5	88.5	5.5	17.3	3	57.9	74.14	0.3
19.6	71	5.36	41.24	39.8	83.4	0.5	0.3
17	61.5	5.53	63.47	37.5	47.3	0.5	0.3
22.9	53.3	19.5	50.2	41.1	74.6	0.5	0.3
46.5	70.5	15.8	54.5	13.7	114	0.5	0.3
36.1	71.9	13.8	52.7	58.5	103	8	0.3
29.4	65.3	11.8	51	65.5	83.9	53.1	0.3
25.4	57	10.8	46.1	63.7	72.6	48.4	0.3
21.6	51.1	10.2	42.2	62.9	66.7	29.3	0.3
19.5	48.2	9.5	34	61.8	61.1	23.9	0.3
17.8	46.2	8.7	29.5	56.8	55.8	14.2	0.3
15.3	44.5	8.1	27.3	55.8	53.2	4.8	0.3
14.6	40.4	7.7	24.2	58.1	49.2	2.8	0.3
12.9	38.1	8	21.5	55.5	49.7	0.5	0.3
11.4	38	6.6	19.7	55.3	48.7	0.5	0.3
10.9	37.9	6.2	18.6	48.4	47.3	0.5	0.3
11.2	38.8	6.1	16.5	43.4	46.3	0.5	0.3
13.4	38.2	5.6	17	42.8	44.5	0.5	0.3
12.4	34.8	5.6	17.4	45.8	52.8	0.5	0.3
11.2	33.8	6.1	26.3	36.6	61.1	0.5	0.3
10.6	33.3	5.9	18.2	40	55.8	0.5	0.3
9.7	33.6	5.8	14.2	40.7	51.7	0.5	0.3
11.2	43.3	5.8	14.1	31.6	58.9	0.5	0.3
32.9	46.8	5.9	14.5	3	147	0.5	0.3
40.7	54.7	6.8	21.9	3	205	112	0.3
31.8	54.7	9	25.9	3	191	97	0.3
29.1	45.5	9.7	20.6	22.1	155	67	0.3
24.6	43.1	7.2	20.7	26.4	118	64	0.3
20.3	38.9	6.2	21.3	32.3	92	35	0.3
18	34.2	5.3	18.4	38.1	81.9	27.1	0.3
19	31.9	4.4	20.1	32.6	79.3	18.7	0.3
32.4	28.2	4.5	20.6	13.3	102	87	0.3
32.5	31.3	5.1	21.6	30.5	78.8	45.2	0.3
57.5	28.5	6.4	24.7	6.9	111	37	0.3
49	43.6	6.9	26.8	3	95.6	157.4	0.3
40.7	40.5	7.9	30.3	53.6	83.3	72.7	0.3
35.2	34.4	7.9	29.3	51.2	76.3	78.7	0.3
31	31.8	7.3	28.1	78.8	69.6	28.4	0.3
24.1	32.1	6.5	28.5	71.8	65.6	27.4	0.3
19.5	31	6	22.7	74.8	64.4	15.6	0.3
14.8	28	4.8	20.7	68.7	63.8	15.2	0.3
12.5	24.7	3.5	18.8	65.5	59.5	6.5	10
10.8	20.9	2.6	17	60.7	53.7	9.3	1
9.2	19.7	2.2	16.4	52.5	40.5	19.5	20
9.4	15.8	1.4	16.3	56.5	37.6	9	52
8.1	14.9	1.2	15	54.1	35.5	7.2	0.3
6.8	13.7	1.3	12.1	51.9	34.3	4.9	0.3
6.6	12.3	0.9	11.4	48.5	32.8	6.5	12
5.9	11	0.6	11.2	45.1	29.5	6.7	87
5.3	8.3	0.3	11.5	45.8	27.6	5.2	99
4.9	10.1	0.2	11.1	39.8	26.4	5.6	102.9
4.9	9.7	1.83	9.07	38	24.7	4.1	100.7
4.7	9.2	1.62	8.88	37.2	24.4	2.5	99.5
4.4	9.2	2.3	7.8	34.8	21.8	7.5	94.2
4	9.6	2.25	7.55	30.8	20.6	8.3	101.9
4	8.9	2.17	7.23	30.7	18.9	6.4	116.7
4.1	8	2.37	6.63	30.1	18.1	5.1	127.6
4.1	7	1.83	6.77	29.1	16.8	4.5	132.9
4.2	6.2	2.44	5.76	29	16.3	5.7	131.4
4.3	5.8	2.02	5.78	26.9	16.3	6.3	180.6
4	5.4	1.79	5.61	26.8	16.5	5.3	153.6
3.8	4.7	0.76	6.24	25.8	16	6.6	152.1
3.6	4.3	0.71	5.89	26.8	15.5	6.1	145.1
3.6	4	0.15	6.15	24.6	15	6.9	184.6
3.4	3.6	0.56	5.34	23.4	15	6.2	168.5
2.5	4.2	0.47	5.03	22.4	14.8	5.8	161.8
2.1	4.6	0.68	4.42	21.7	14.5	5.3	194.7
2.1	3.8	0.83	3.87	20.8	15	3.4	98.2
2.1	3	0.64	3.66	20.4	14.5	3	175.7
1.8	2.8	0.25	3.65	20.7	14.3	1.7	188.8
1.6	2.5	0.23	3.27	18.5	14	2.7	174.2
1.4	2	0.28	3.22	17.7	14.5	2.2	215.7
1.4	1.4	0.17	3.33	17.8	13.1	3.3	161.5
1.6	0.4	0.06	3.44	18.6	13.1	2.9	176.9
1.5	0.1	0.19	3.31	16.5	12.9	4.8	197.7
1.5	0.8	0.03	3.47	15.4	12.7	4.3	207.8
1.5	0.5	0.18	3.32	15.7	12.7	3.3	162.8
1.6	0.5	0.12	3.38	15.1	12.2	4.9	226.2
1.6	1.6	0.29	3.21	13.5	12	5	175.8
1.6	2.5	0.21	3.29	11.7	12	5.5	156.2
1.7	1.9	0.14	3.36	12.2	11.8	6.1	179.8
1.6	1.6	0.18	3.32	14	11.8	4.6	193.9
1.6	1.2	0.13	3.37	13.9	11.6	6.8	197.4
1.6	1.6	0.27	3.23	12.6	11.4	6.1	197.2
1.6	1.8	0.14	3.36	11.9	11.2	7.5	199.5
1.6	1.4	0.2	3.3	10.9	11	5.9	200.7
1.5	0.8	0.29	3.21	10.7	11	6.2	208.3
1.6	1.2	0.24	3.26	9.3	11	6.7	204.7
1.6	0.7	0.27	3.23	9.8	10.5	7.5	204.4
1.6	1	0.29	3.21	9	10.1	6.4	213.4
1.6	0.7	0.1	3.4	8.9	10.2	6.1	202
1.7	0.6	0.16	3.34	9.3	10.2	7.3	115.4
1.7	0.6	0.29	3.21	10.2	10.2	6.4	179.4
1.8	0.5	0.13	3.37	9.8	9.8	6.9	228.7
2	0	0.16	3.34	10.1	10.2	7.5	190.7
2	0.1	0.24	3.26	9.1	10.2	7.7	78.4
2.1	0.3	0.04	3.46	8.3	10.2	8.6	70.4
2.1	0.3	0.07	3.43	8.7	10	8.2	74
2.2	0.3	0.26	3.24	9	9.8	8.7	58.8
2.2	0.3	0.22	3.28	9	9.8	8	63.8
2.3	0.3	0.12	3.38	8.6	9.8	8.4	85.4
2.2	0.3	0.11	3.29	8.2	9.8	8.9	85.4
2.4	0.3	0.18	3.22	7.4	9.8	8.5	74.6
2.3	0.3	0.15	3.25	8.4	9.6	6.9	89.6
2.2	0.3	0.04	3.36	8.2	9.4	6.8	126.9
2.1	0.3	0.25	3.05	8.3	9.4	7.4	59.8
2	0.4	0.05	3.25	6.4	9	8.6	65.4
2	1.2	0.19	3.11	4.7	8.8	8.8	88.2
2	1.2	0.28	3.02	6.4	8.7	8.7	101.7
2.1	0.5	0.2	3	8	8.7	7.5	73
2.1	0.3	0	3.2	9.3	8.3	7.6	82.3
2	0.3	0.2	3	8.4	8	8.5	71.6
2.2	0.3	0.08	3.12	7.6	8	9.6	112.3
2.1	0.3	0.28	2.82	6.8	8.3	9.3	51.5
2.1	0.3	0.02	3.08	7.7	8.3	7.4	59.2
2.1	0.3	0.05	3.05	6.4	8.3	8.4	58.4
1.9	0.3	0.09	3.01	6.3	8.1	9	105.5
1.8	0.3	0.19	2.91	6.3	8	8.2	89.4
1.8	0.3	0.1	2.9	6.4	8	8.5	104.1
1.7	0.3	0.01	2.99	5.9	8	8.2	60.9
1.7	1.1	0.18	2.82	4.6	8	8.2	91.4
2.1	0.2	0.2	2.8	5.1	8	7.1	91.5
1.9	0.7	0.29	2.61	4.5	7.8	8.5	64.6
1.9	0.9	0.28	2.62	5.9	7.6	6	62.8
1.8	1	0.19	2.71	5.5	7.6	6.4	143.8
1.8	0.3	0.21	2.69	5.4	8	6.2	160.4
1.8	0.3	0.03	2.77	6	7.8	6.2	113.6
1.7	0.3	0.02	2.78	6.9	7.6	6	130.6
1.5	0.3	0.14	2.66	7.7	7.6	5.8	109.4
1.6	0.3	0.22	2.58	6.8	7.6	5.8	152.2
1.8	0.3	0.26	2.54	5.8	7.6	6.1	142.7
1.8	0.3	0.03	2.67	6.1	7.6	5.6	109.2
1.8	0.3	0.04	2.66	6.3	7.5	4.8	111.1
1.7	0.3	0.26	2.44	6.6	7.3	2.9	110.4
1.6	0.3	0.16	2.54	6.6	7.3	2.4	105.9
1.5	0.3	0.24	2.36	6.4	7.3	3.3	109.4
1.7	0.3	0.11	2.49	6	7.3	4.5	137.6
1.7	0.3	0.17	2.43	6.2	7.5	3.8	123.1
1.5	0.3	0.22	2.38	6.2	7.3	3.7	131.4
1.3	0.3	0.21	2.39	6.2	7.3	2.5	120.6
1.1	0.3	0.02	2.58	6.3	7.3	2.1	138
1.2	0.3	0.27	2.33	6.4	7.3	2.1	134
1.2	0.3	0.18	2.42	6.6	7.3	2.2	144.9
1.4	0.3	0.13	2.47	6.3	7.8	2.5	118.1
1.3	0.3	0.3	2.3	5.5	8.1	3.7	135.4
1.1	0.3	0.3	2.3	5.5	8.3	2.5	134.4
1.1	0.3	0.3	2.2	6.4	8.3	0.8	127.3
1	0.3	0.3	2.2	6.4	8.3	1.1	139
1	0.3	0.3	2.2	6.4	8	2	126.4
0.8	0.3	0.3	2.2	5.6	8	2.8	146.4
0.8	0.3	0.3	2.2	6.4	8.1	2	136.3
0.9	0.3	0.3	2.2	6.4	8.1	2.4	139.9
0.9	0.3	0.3	2.2	6.5	8	2.5	141.9
1	0.3	0.3	2.2	5.9	8	3.6	138.6
1	0.3	0.3	2.2	5.7	8.3	3.3	129.6
1	0	0.3	2.2	5.3	8.3	3	128.9
0.8	0.2	0.3	2.2	6.1	8	1.8	134.6
0.8	0.3	0.4	2.1	6	7.5	1.6	135.3
0.8	0.5	0.4	2.1	6.6	7.3	0.8	137.5
0.8	0.5	0.4	2.1	5.8	7.5	0.9	137
0.8	0.5	0.4	2.1	5	7.6	2.3	130.3
0.8	0.6	0.4	2	5.8	7.6	1.3	141.5
0.8	0.8	0.4	2	5.6	7.6	0.8	133
0.8	0.8	0.4	2	5.6	7.6	1.3	105.5
0.8	0.6	0.4	2	5.8	7.6	1.3	105.5
0.8	0.5	0.4	2	6.7	7.6	0.3	93.7
0.8	0.5	0.4	2	5.9	7.6	1	96.8
0.8	0.6	0.4	2	6.6	7.6	0.7	96.3
0.8	0.8	0.4	2	6.4	7.6	0.7	104.3
0.8	0.8	0.4	2	6.4	7.6	1.4	95.6
0.8	0.6	0.4	2	6.6	7.6	2.4	101.6
0.8	0.5	0.5	1.9	6.7	8	1.7	85.9
0.8	0.5	0.5	1.9	7.5	8	1.2	97.6
0.8	0.5	0.5	1.9	7.5	8	1.9	97.9
