6.2	7.16	9.61	8.12	6.2	6.58	7.05	7.05
6.36	6.64	12	6.91	7.41	5.91	7.03	7.03
6.93	7.21	9.4	7.49	7.15	5.84	6.53	6.53
8	7.68	9.55	7.36	6.99	5.36	6.56	6.56
7.77	8.1	8.43	8.43	7.1	8.32	8.34	8.34
7.64	8.37	7.09	9.09	7.12	5.87	6.83	6.83
7.15	7.89	12.75	8.62	8.07	5.94	6.4	6.4
7.89	7.63	11.58	7.38	7.12	5.76	6.77	6.77
7.45	7.66	10.39	7.86	6.62	5.33	6.45	6.45
5.17	6	11.1	6.83	7.07	5.7	5.93	5.93
8.06	8.91	10.89	9.77	7.57	6.9	7.36	7.36
8.93	8.8	8.89	8.66	8.34	6.98	8.77	8.77
6.98	6.91	9.39	6.85	6.86	6.37	7.49	7.49
8.06	8.4	9.97	8.74	8.82	6.78	8.59	8.59
8.66	8.48	7.98	8.31	7.32	7.92	7.74	7.74
8.72	8.5	10.2	8.27	6.68	6.27	6.63	6.63
7.36	8.22	8.52	9.07	7.78	5.82	7.64	7.64
5.71	7.32	9.04	8.93	7.93	6.77	7.41	7.41
6.64	7.19	9.09	7.74	7.92	6.6	7.66	7.66
9.35	8.37	11.53	7.38	6.76	6.58	6.74	6.74
6.2	6.79	13.96	7.38	7.16	8.33	8	8
8.69	8.43	13.05	8.16	8.33	7.01	7.77	7.77
7.45	7.28	11.58	7.11	6.56	5.86	6.81	6.81
9.81	9.57	10.37	9.34	8.37	8.06	8.41	8.41
8.2	8.19	8.72	8.19	6.32	7.68	6.95	6.95
8.36	8.08	8.97	7.81	7.25	6.34	6.74	6.74
7.87	7.5	7.95	7.13	7.02	5.19	6.58	6.58
9.69	7.76	13.59	5.82	8.19	6.68	9.07	9.07
10.33	8.23	13.66	6.13	8.23	5.54	7.25	7.25
7.19	7.66	10.62	8.13	8.12	5.94	7.13	7.13
6.39	6.79	7.75	7.2	6.93	8.41	8.54	8.54
6.52	6.73	9.09	6.94	6.54	7.99	7.49	7.49
6.63	6.66	8.29	6.69	7.59	6.52	7.39	7.39
7.43	8.18	10.03	8.93	7.23	6.65	7.78	7.78
7.64	7.87	8.92	8.11	7.61	7.13	9	9
8.32	9.47	9.53	10.63	7.6	7.58	9.18	9.18
7.82	8.78	11.18	9.75	7.5	7.47	8.42	8.42
7.68	8.74	8.26	9.79	7.43	8.46	8.61	8.61
8.15	7.98	8.42	7.81	6.93	7.49	8	8
7.5	6.77	9.26	6.03	7.38	5.4	7.03	7.03
8.7	7.44	9.95	6.17	7.94	6.9	7.44	7.44
6.05	7.09	9.25	8.12	7.4	7.19	7.19	7.19
10.8	8.91	11.9	7.01	6.91	8.3	8.03	8.03
8.78	7.59	14.1	6.41	7.84	7.22	7.59	7.59
7.87	7.89	9.58	7.91	5.8	6.4	7.44	7.44
8.34	8.43	9.96	8.51	7.62	8.05	7.84	7.84
7.69	8.02	7.15	8.34	6.38	7.48	7.77	7.77
8.03	8.25	7.73	8.46	6.7	7.9	7.47	7.47
7.36	7.81	8.41	8.27	7.68	5.92	7.18	7.18
5.13	6.61	8.21	8.1	6.19	5.98	6.69	6.69
6.27	5.87	8.56	5.47	5.82	3.91	5.76	5.76
7.75	7.13	11.13	6.5	8.17	5.39	8.06	8.06
6.43	7.73	10.03	9.03	8.52	8.96	9.94	9.94
5.76	6.42	8.42	7.09	6.6	4.58	5.7	5.7
5.94	6.29	8.24	6.64	7.12	6.79	7.22	7.22
7.05	7.5	7.89	7.95	5.81	4.31	5.15	5.15
6.21	7.3	7.38	8.38	7.11	5.48	7.16	7.16
6.03	7.07	8.39	8.11	7.33	5.18	6.69	6.69
7.52	7.54	8.09	7.55	7.17	5.5	6.56	6.56
6.92	7.24	7.28	7.56	6.53	5.4	5.9	5.9
6.2	6.82	8.9	7.44	7.25	6.13	8.17	8.17
5.72	5.9	6.2	6.08	5.89	4.31	5.68	5.68
6.34	6.66	7.54	6.97	6.25	5.16	5.46	5.46
5.75	6.01	7.79	6.26	5.76	5.41	6.17	6.17
6.42	6.17	6.9	5.91	6.02	6.09	7.1	7.1
6.91	6.8	8.54	6.69	6.33	6.52	5.84	5.84
6.5	7.17	8.66	7.84	6.59	5.3	6.26	6.26
5.37	5.41	9.1	5.45	5.61	3.9	5.24	5.24
5.67	5.93	7.87	6.19	6.44	4.8	6.1	6.1
6.94	7.18	8.64	7.41	7.04	7.12	8.48	8.48
5.58	5.84	8.12	6.09	5.82	5.13	5.54	5.54
5.61	6.07	6.99	6.52	5.84	4.87	5.52	5.52
6.3	6.08	5.82	5.86	6.08	3.58	5.5	5.5
5.91	6.09	4.64	6.27	5.01	3.12	4.84	4.84
7.19	7.25	7.72	7.3	6.13	6.18	7.05	7.05
6.16	6.15	5.3	6.14	5.28	3.08	4.82	4.82
5.92	6.03	5.91	6.15	5.6	3.67	5.03	5.03
4.94	4.68	5.52	4.42	5.67	3.42	5.57	5.57
5.49	5.11	8.02	4.74	6.52	4.55	6.41	6.41
4.3	4.6	7.53	4.89	6.13	3.81	6.46	6.46
5.39	5.78	5.62	6.18	5.25	3.96	4.69	4.69
5.43	5.56	6.4	5.7	5.03	4.03	4.77	4.77
3.42	4.85	3.49	6.27	4	4.14	4.05	4.05
5.69	5.39	6.01	5.08	4.33	3.83	4.01	4.01
6.08	5.95	6.32	5.83	5.4	4.26	5.11	5.11
6.2	5.21	6.3	4.23	7.01	7.55	8.06	8.06
6.63	6.17	6.78	5.7	4.51	3.9	5.75	5.75
4.7	4.66	7.98	4.61	4.53	4.26	5.31	5.31
5.21	5.24	4.78	5.26	4.56	4.01	4.11	4.11
3.97	3.9	4.45	3.83	4.18	2.53	3.13	3.13
3.25	3.23	5.4	3.21	4.67	3.78	3.53	3.53
4.89	4.53	4.41	4.17	4.12	3.59	3.93	3.93
5.56	5.24	4.8	4.93	5.38	3.57	4.36	4.36
5.57	5.29	5.52	5.02	4.4	4.38	4.3	4.3
5.46	5.45	5.76	5.44	4.64	3.43	3.97	3.97
6.63	6.84	5.49	7.05	5.19	5.7	5.68	5.68
7.36	6.82	5.6	6.27	5.5	5.32	4.88	4.88
5.71	5.12	3.81	4.53	4.64	3.38	3.95	3.95
2.14	3.49	4.78	4.85	4.86	4.73	5.1	5.1
3.24	3.11	2.73	2.98	3.35	4.69	4.17	4.17
3.65	3.26	3.79	2.86	3.86	2.81	3.72	3.72
2.57	2.25	5.01	1.93	2.97	2.58	3.16	3.16
3.09	3.19	4.32	3.29	3.8	2.48	3.11	3.11
4.07	4.16	4.59	4.26	2.93	1.98	2.67	2.67
3.96	4.42	4.23	4.88	3.43	1.91	2.69	2.69
4.78	5.02	4.73	5.25	3.55	3.2	3.84	3.84
2.76	2.5	3.16	2.24	3.03	1.93	3.02	3.02
3.1	3.62	4.22	4.15	3.35	3.88	4.08	4.08
2.75	3.7	3.63	4.66	3.83	4.19	4.24	4.24
2.42	2.2	2.58	1.99	3.06	1.53	2.93	2.93
3.11	3.77	4.91	4.44	3.41	3.32	3.61	3.61
2.93	3.5	2.19	4.07	3.05	3.17	3.21	3.21
3.91	3.91	3.43	3.92	3.87	5.28	4.44	4.44
2.78	3	3.55	3.21	2.87	2.77	2.77	2.77
2.98	2.68	2.32	2.38	2.78	4.25	3.34	3.34
2.55	2.77	2.88	2.99	2.59	1.66	2.17	2.17
2.45	2.52	3.44	2.6	2.85	1.53	2.28	2.28
3.35	2.94	3.74	2.53	2.9	3.3	3.1	3.1
3.35	3.11	1.95	2.87	2.93	2.63	3.09	3.09
4.38	4.2	3.09	4.03	3.69	1.5	3.21	3.21
2.93	3.36	2.88	3.78	3.15	4.48	3.88	3.88
2.21	2.24	1.91	2.26	1.77	1.92	1.97	1.97
1.18	1.59	1.57	2	1.69	1.59	2.02	2.02
1.29	1.69	1.17	2.09	1.67	2.52	2.16	2.16
2.05	2.27	1.7	2.48	1.51	1.84	1.73	1.73
1.77	1.86	1.52	1.96	1.61	1.56	1.71	1.71
1.76	1.91	2.28	2.07	1.86	1.4	1.57	1.57
1.24	1.9	1.11	2.57	1.87	1.32	2.02	2.02
0.94	0.96	1.29	0.98	1.03	1.04	1.05	1.05
2.21	2.24	4.59	2.26	2.17	1.5	1.95	1.95
1.32	1.62	1.97	1.92	1.57	1.37	1.73	1.73
1.94	1.81	1.98	1.68	1.71	1.4	1.64	1.64
2.42	1.99	2.33	1.55	1.61	1.33	1.43	1.43
3.35	3	3.09	2.65	2.5	1.22	1.86	1.86
1.89	2.25	1.61	2.62	1.98	1.94	1.69	1.69
1.56	1.77	1.59	1.97	1.47	2.29	2.01	2.01
2.06	1.97	2.28	1.89	1.42	1.19	1.49	1.49
1.76	1.54	3.69	1.32	1.26	1.19	1.33	1.33
1.53	2.11	4.5	2.69	1.53	1.47	2.02	2.02
1.97	3.13	4.93	4.29	2.22	2.34	2.57	2.57
2.84	3.9	5.08	4.96	2.62	2.17	3.16	3.16
1.68	3.12	4.95	4.57	2.71	0.94	2.65	2.65
1.42	1.32	5.81	1.23	1.53	1.34	1.73	1.73
0.81	1.15	2.08	1.5	1.49	1.32	1.84	1.84
1.01	1.39	0.76	1.76	1.5	0.9	1.31	1.31
0.79	0.91	0.7	1.03	1.67	0.88	1.81	1.81
1.99	2.42	2.21	2.86	2.81	1.4	2.32	2.32
1.01	1.35	1.16	1.7	0.98	1.32	1.37	1.37
1.07	1.05	1.94	1.04	0.81	0.89	0.96	0.96
0.84	1.18	1.4	1.52	1.01	0.89	1.02	1.02
0.93	1.28	1.36	1.63	0.96	1.02	1.04	1.04
0.91	1.23	1.9	1.56	1.43	0.84	1.62	1.62
0.73	1.19	1.1	1.65	1.5	0.62	1.67	1.67
0.75	1.01	0.97	1.27	0.8	0.92	0.89	0.89
1.44	1.57	2.81	1.7	0.81	0.89	0.99	0.99
1.13	1.36	3.21	1.6	0.96	1.22	1.37	1.37
0.85	1.42	1.31	1.99	1.17	0.85	1.4	1.4
0.75	1.19	0.76	1.62	1.13	1.19	1.4	1.4
1.17	1.01	0.81	0.85	1.22	0.83	1.08	1.08
1.77	1.72	1.07	1.67	1.11	1.1	0.98	0.98
2.85	2.45	1.18	2.05	1.61	1.26	1.44	1.44
2.07	2.11	1.24	2.14	1.82	1.76	2.04	2.04
2.46	1.97	1.5	1.48	1.14	1.61	1.52	1.52
1.7	1.45	1.01	1.19	1.06	1.26	1.24	1.24
1.63	1.29	0.51	0.95	1	0.91	1	1
0.73	0.69	0.8	0.64	0.67	0.83	0.8	0.8
0.52	0.59	0.48	0.66	0.7	1.2	1.26	1.26
0.6	0.63	0.38	0.67	0.65	0.86	0.86	0.86
0.74	0.87	0.59	1.01	0.96	1.17	1.1	1.1
1.29	1.12	0.78	0.94	0.87	0.71	0.76	0.76
0.88	1.02	0.62	1.17	0.73	0.89	0.96	0.96
1.66	1.59	1.17	1.51	0.93	1.31	1.1	1.1
1.52	1.57	1.25	1.61	1.43	1.79	1.68	1.68
2.08	1.62	1.28	1.16	1.21	1.24	1.08	1.08
0.95	1.15	0.63	1.35	0.74	0.8	0.73	0.73
0.59	0.8	0.56	1.02	0.71	0.64	0.69	0.69
1.13	0.93	0.57	0.72	0.96	0.98	0.95	0.95
1.23	0.99	0.47	0.75	0.68	0.96	0.78	0.78
1.13	1.08	0.56	1.03	0.74	0.57	0.64	0.64
0.89	0.75	0.53	0.62	0.65	0.62	0.63	0.63
0.54	0.63	0.5	0.72	0.82	0.64	0.75	0.75
0.97	1.4	0.87	1.84	1.09	1.72	1.48	1.48
0.56	0.67	0.57	0.79	1.07	0.61	0.8	0.8
0.53	0.59	0.56	0.65	0.76	1.15	0.96	0.96
0.61	0.76	0.54	0.91	1.42	1.19	1.04	1.04
0.62	0.88	0.56	1.14	1.75	1.15	1.28	1.28
0.6	1.34	0.55	2.09	1.97	2.71	2.59	2.59
1.33	2.09	1.7	2.85	2.27	2.03	2.14	2.14
0.88	1.23	0.9	1.57	1.3	0.75	0.75	0.75
0.92	0.81	0.58	0.71	0.98	1.07	0.93	0.93
0.86	0.83	0.63	0.81	1.1	1.08	0.97	0.97
0.83	1.15	1.65	1.46	0.78	1.42	1.09	1.09
0.59	0.77	1.55	0.96	0.83	1.06	1.16	1.16
0.77	0.93	2.16	1.09	0.74	0.97	0.98	0.98
0.65	0.78	0.97	0.92	0.73	1.54	1.23	1.23
0.7	1.03	1.51	1.35	0.85	1.37	1.21	1.21
0.86	0.95	1.37	1.04	0.83	1.47	1.28	1.28
0.86	1.08	0.97	1.31	0.83	1.52	1.26	1.26
0.74	1.07	0.83	1.39	1.12	0.97	1.32	1.32
0.58	0.74	0.74	0.89	0.67	0.59	0.59	0.59
0.76	1.04	1.43	1.33	0.76	1.24	1.06	1.06
0.66	1.54	1.02	2.42	1.43	1.44	1.69	1.69
1.32	1.75	1.4	2.18	1.42	0.89	1.42	1.42
1.58	1.58	0.7	1.58	1.36	1.17	1.12	1.12
2.18	2.29	1.08	2.4	1.39	1.49	1.31	1.31
1.36	1.4	1.13	1.43	1.08	1.22	1.04	1.04
0.99	1.2	0.91	1.41	1.04	1.23	1.13	1.13
0.81	1.05	0.85	1.29	1.13	1.49	1.59	1.59
1.36	1.53	1.07	1.71	1.64	1.96	1.99	1.99
1.72	2.32	0.92	2.92	2.17	2.56	2.68	2.68
2.71	2.7	1.56	2.69	1.66	1.66	1.78	1.78
0.74	1.13	1.02	1.51	0.77	2.52	1.72	1.72
0.95	1.02	0.95	1.09	0.95	1.41	1.21	1.21
0.63	0.73	0.53	0.84	0.95	1.1	1.04	1.04
0.61	1.04	0.69	1.47	0.95	1.42	1.32	1.32
0.64	1.2	0.86	1.76	1.06	1.18	1.24	1.24
0.48	0.8	0.92	1.12	0.95	1.48	1.33	1.33
0.81	1.29	2.27	1.78	1.3	1.69	1.79	1.79
0.83	1.37	1.08	1.91	1.12	1.41	1.31	1.31
0.75	1.14	1.26	1.54	1.45	1.83	1.92	1.92
1.73	2.3	2.6	2.87	1.92	2.74	2.49	2.49
1	1.13	1.5	1.27	0.74	1.02	0.89	0.89
1.04	1.22	2.88	1.4	1.35	1.75	1.75	1.75
0.83	1.15	0.98	1.47	1.23	1.95	1.87	1.87
0.96	1.45	1.43	1.95	1.23	2.43	2.18	2.18
0.61	1.24	0.99	1.87	1.22	1.68	1.89	1.89
1.16	1.96	1.2	2.75	1.55	2.5	2.46	2.46
0.79	1.7	1.51	2.6	1.57	1.61	1.96	1.96
0.82	1.08	1.02	1.34	1.15	1.44	1.34	1.34
1.36	1.55	1.32	1.74	1.56	1.74	1.75	1.75
1.25	1.82	1.15	2.39	1.87	2.29	2.4	2.4
2.16	2.31	2.43	2.46	2.24	2.46	2.31	2.31
1.52	1.61	1.59	1.7	1.79	2.45	2.3	2.3
1.41	2.01	1.9	2.6	2.07	2.24	2.35	2.35
2.78	3.26	2.81	3.74	2.61	3.62	3	3
1.39	1.88	2.09	2.36	2.09	2.27	2.36	2.36
2.13	2.59	2.97	3.04	2.45	3.02	3	3
2.92	3.48	3.58	4.04	3.31	3.57	3.53	3.53
2.81	3.23	2.5	3.65	3.48	3.64	3.94	3.94
3.24	3.49	3.28	3.75	2.94	3.17	3.18	3.18
3.4	3.32	2.58	3.24	2.67	2.95	2.78	2.78
1.44	1.75	2.45	2.06	2.17	2.06	2.05	2.05
2.42	2.44	2.2	2.47	1.97	2.5	2.31	2.31
2.13	2.41	2.45	2.69	2.19	2.91	2.5	2.5
2.86	3.09	2.99	3.32	2.83	2.57	3.14	3.14
3.02	2.85	1.7	2.69	2.8	3.83	3.22	3.22
1.64	2.1	1.92	2.55	2.21	2.82	2.64	2.64
3.57	3.47	3.25	3.36	2.8	3.73	3.41	3.41
2.76	2.96	3.37	3.15	2.85	3.65	3.39	3.39
3.06	3.11	2.48	3.16	2.65	3.69	3.38	3.38
3.6	3.62	3.72	3.65	3.58	3.78	3.73	3.73
5.64	5.56	4.88	5.47	4.32	5.57	4.6	4.6
3.29	3.25	2.76	3.22	3.19	2.41	2.59	2.59
3.2	3.43	3.73	3.66	2.97	3.58	3.19	3.19
3.97	4.02	3	4.07	3.32	3.75	3.52	3.52
3.36	3.6	3.58	3.84	3.48	3.33	3.55	3.55
3.27	3.08	2.28	2.89	3.33	3.86	3.62	3.62
3.58	3.37	2.87	3.16	3.18	4.07	3.64	3.64
3.37	3.4	3.27	3.43	3.43	3.5	3.46	3.46
3.12	3.39	3.62	3.66	3.53	3.98	3.69	3.69
2.74	3.14	2.47	3.53	3.22	3.7	3.69	3.69
2.1	2.51	2.81	2.93	3.91	4.38	4.78	4.78
3.37	3.76	3.6	4.15	3.64	4.79	4.33	4.33
3.67	4.11	3.8	4.54	3.8	3.94	3.84	3.84
3.73	4.09	3.65	4.46	3.78	4.3	4.21	4.21
4.03	4.84	5.18	5.65	4.96	5.46	5.64	5.64
3.71	3.88	4.19	4.05	4.01	4.84	5.1	5.1
1.89	1.92	1.85	1.94	1.92	2.44	2.56	2.56
2.74	2.68	2.16	2.62	2.72	2.89	2.94	2.94
3.27	3.13	4.16	3	3.16	2.5	3.33	3.33
2.81	3.24	4.99	3.67	3.14	3.77	3.99	3.99
3.04	3.66	4.69	4.27	3.27	3.64	3.85	3.85
3.12	3.59	4.67	4.07	3.7	4.16	3.93	3.93
4.52	4.69	4.43	4.87	4.08	4.3	4.18	4.18
3.43	3.99	4.31	4.55	4.11	4.43	3.97	3.97
4.05	4.23	4.81	4.4	4.02	5.16	4.41	4.41
2.9	3.06	3.68	3.22	3.14	4.17	3.78	3.78
2.64	3.15	2.32	3.66	2.79	3.87	3.47	3.47
3.48	3.61	4.33	3.74	4.11	4.75	4.68	4.68
4.13	4.82	5.95	5.5	4.81	5.88	5.18	5.18
4	4.8	5.98	5.6	5	5.72	5.59	5.59
4.19	4.31	4.1	4.44	4.52	5.55	5.29	5.29
3.75	3.52	3.95	3.29	4.57	5.34	4.81	4.81
3.96	4.31	3.56	4.65	4.43	5.51	4.72	4.72
6.25	5.8	4.58	5.34	4.88	4.92	4.13	4.13
5.5	5.67	4.68	5.83	4.67	5.58	4.7	4.7
3.96	4.34	4.72	4.71	4.33	4.36	4.04	4.04
4.2	4.45	5.03	4.71	4.19	5.33	4.42	4.42
3.04	4.07	4.4	5.11	4.76	6.37	5.7	5.7
4.12	4.08	3.48	4.04	4.05	6.17	5.12	5.12
5.71	5.74	6.47	5.76	5.59	4.27	4.58	4.58
4.03	4.36	2.91	4.69	4.46	4.99	4.94	4.94
4.11	3.96	3.26	3.81	3.85	4.63	4.62	4.62
3.76	4.4	6.08	5.04	5.01	6.57	6.6	6.6
3.87	4.34	5.42	4.81	5.69	5.48	5.97	5.97
4.14	5.17	4.4	6.21	4.5	5.76	5.16	5.16
4.78	5.25	4.78	5.72	4.79	6.17	5.27	5.27
4.28	4.82	5.35	5.35	5.07	4.79	4.92	4.92
4.73	5.06	5.54	5.39	3.96	6.36	4.82	4.82
4.84	5.34	5.24	5.84	5.2	6.13	5.78	5.78
4.04	4.68	5.34	5.32	5.61	6.09	6.29	6.29
3.67	4.25	4.84	4.84	4.84	5.24	6.09	6.09
3.95	5.44	6.49	6.94	6.5	5.38	6.29	6.29
6.23	6.81	6.07	7.4	7.08	7.34	7.63	7.63
5.97	5.55	4.83	5.13	5.86	4.98	5.38	5.38
6.96	7.09	6.1	7.22	5.98	7.23	6.28	6.28
5.63	5.71	5.96	5.79	6.22	6.49	6.72	6.72
5.99	6.39	6.32	6.78	6.39	7.69	7.36	7.36
6.68	7.52	7.29	8.37	7.41	7.63	8.12	8.12
5.69	6.3	5.77	6.9	6.21	7.03	7.77	7.77
4.72	5.14	5.53	5.56	5.82	7.24	6.76	6.76
5.34	4.87	5.2	4.4	5.35	5.84	5.88	5.88
5.32	6.17	5.79	7.01	6.99	7.52	7.72	7.72
7.59	7.37	6.66	7.15	6.49	6.74	6.44	6.44
5.9	6.11	5.68	6.32	5.88	4.91	5.15	5.15
5.46	5.88	6.27	6.31	6.61	6.05	6.39	6.39
5.62	6.03	6.62	6.43	6.73	7.2	7.59	7.59
4.18	4.98	5.77	5.78	6.88	6.68	8.05	8.05
5.22	6.46	7.81	7.71	7.28	7.73	8.24	8.24
7.45	7.23	7.41	7.01	6.52	8.21	7.64	7.64
6.08	6.23	7.02	6.38	6.49	7.91	7.51	7.51
6.35	6.61	7.3	6.87	6.74	7.19	7.38	7.38
6.2	6.49	8.4	6.79	6.86	7.37	7.38	7.38
8.5	8.39	8.3	8.28	7.74	9.17	9.07	9.07
6.3	6.19	6.18	6.07	6.47	6.1	6.33	6.33
5.41	5.97	7.77	6.53	5.95	6.14	6.54	6.54
4.13	5.19	7.73	6.24	6.31	7.08	7.29	7.29
5.73	6.35	7.49	6.96	6.77	6.48	6.64	6.64
5.52	6.16	7.42	6.8	7.02	6.29	7.74	7.74
6.49	7	7.61	7.51	8.28	8.58	8.54	8.54
7.29	8.21	6.97	9.13	8.04	9.33	8.52	8.52
7.16	7.4	7.7	7.64	7.39	7.79	7.63	7.63
6.98	7.47	7.83	7.97	7.6	8.84	7.83	7.83
6.65	7.43	6.99	8.2	7.45	6.64	6.76	6.76
6.94	7.75	7.85	8.57	7.49	7.99	8.4	8.4
7.37	8.52	7.63	9.68	7.95	7.27	8.38	8.38
6.84	8.26	7.76	9.68	7.82	8.02	8.47	8.47
5.65	7.27	7.4	8.88	7.21	7.26	8.2	8.2
4.77	6.78	8.14	8.8	7.64	7.98	9.23	9.23
5.19	7.77	9.13	10.35	7.48	6.44	7.89	7.89
6.8	8.7	9.59	10.59	7.41	7.66	7.96	7.96
7.01	7.39	8.1	7.78	7.85	7.28	7.87	7.87
5.64	7.44	9.46	9.25	7.82	6.09	7.6	7.6
6.99	8.09	10.01	9.19	8.76	7.18	8.78	8.78
6.51	7.75	9.51	8.99	7.29	8.84	8.66	8.66
6.61	7.22	11.24	7.82	6.9	7.89	7.27	7.27
6.48	6.84	12.71	7.21	7.38	6.82	7.29	7.29
10.13	10.22	11.03	10.32	8.86	9.67	9.18	9.18
9.77	9.97	11.74	10.17	9.27	10.81	11.28	11.28
5.71	7.06	11.71	8.41	7.19	7.37	8.94	8.94
7.32	7.42	11.03	7.53	6.04	9.46	8.76	8.76
5.85	7.48	11.12	9.11	7.57	8.08	8.34	8.34
4.91	6.44	7.56	7.97	6.11	7.52	6.78	6.78
7.02	8.32	7.56	9.62	7.69	7.37	8.61	8.61
7.04	8.6	9.58	10.16	8.35	8.97	9.61	9.61
6.02	7.37	9.25	8.72	8.85	7.83	8.88	8.88
5.62	6.94	8.71	8.27	8.19	6.84	7.48	7.48
5.32	7.39	9.14	9.45	8.24	7.57	7.76	7.76
7.27	9.06	11	10.85	9.24	9.07	8.76	8.76
8.35	8.82	8.76	9.28	8.75	6.66	8.28	8.28
5.11	6.54	10.03	7.97	7.54	7.38	7.75	7.75
6.23	7.91	9.35	9.58	6.71	8.11	8	8
5.13	6.17	8.7	7.2	6.4	8.64	7.51	7.51
4.8	5.73	8.21	6.65	6.96	7.95	7.81	7.81
7.31	8.33	8.37	9.34	7.12	9.4	8.49	8.49
4.83	6.24	8.39	7.65	7.62	8.53	7.55	7.55
5.61	7.67	12.24	9.74	7.55	6.88	7.15	7.15
7.66	8.74	11.8	9.83	8.96	9.56	10.78	10.78
8.14	8.85	10.05	9.55	8.21	10.14	8.85	8.85
7.57	7.9	12.18	8.24	6.7	8.57	8.17	8.17
6.93	6.46	11.74	5.98	6.89	7.77	7.58	7.58
6.9	7.48	10.93	8.06	8.02	5.27	7.53	7.53
7.64	7.6	10.75	7.56	8.14	6.73	8.07	8.07
6.03	7.16	9.68	8.29	6.79	7.64	8.24	8.24
6.23	7.61	10.96	9	8.81	10.61	13.36	13.36
5.63	8.2	9.66	10.76	9.28	8.11	10.04	10.04
7.44	7.99	11.52	8.53	9.28	10.12	10.12	10.12
7.95	7.84	8.64	7.74	8.34	7.57	8.75	8.75
11.15	10.71	13.2	10.27	9.91	8.43	9.61	9.61
6.23	6.46	9.61	6.69	8	6.51	7.57	7.57
5.76	6.45	9.69	7.14	6.78	6.6	7.25	7.25
5.08	7.01	14.41	8.94	7.72	5.77	8.22	8.22
7.65	8.55	13.78	9.45	9.17	10.29	9.9	9.9
5.72	8.68	15.82	11.64	10.35	7.58	9.4	9.4
4.19	7.27	10.91	10.34	8.75	6.58	7.5	7.5
4.55	6.95	10.21	9.34	8.47	8.12	8.75	8.75
4.33	7.27	8.23	10.22	8.1	5.18	7.48	7.48
8.69	9.84	13.9	10.99	8.86	7.32	10.83	10.83
5.1	7.02	10.84	8.94	9.25	7.96	11.03	11.03
6.75	7.54	9.29	8.33	8.38	8.31	8.45	8.45
6.78	7.79	8.75	8.81	8.84	6.54	9.05	9.05
3.74	5.7	12.69	7.65	8.23	7.56	7.68	7.68
5.56	7.28	9.95	8.99	9.22	11.65	11.59	11.59
4.69	5.93	6.01	7.17	7.79	7.74	8.43	8.43
5.23	7.1	13.96	8.96	7.63	4.53	5.94	5.94
9.63	9.96	13.94	10.3	9.28	10.2	9.57	9.57
9.37	10.13	12.36	10.89	9.02	9.33	11.07	11.07
5.22	5.93	7.33	6.63	8.9	6.04	7.86	7.86
4.38	6.2	9.98	8.02	9.29	8.29	9.29	9.29
6.11	8.08	9.38	10.05	9.26	5.13	7.38	7.38
6.29	7.32	7.5	8.35	7.41	8.91	7.92	7.92
8.76	7.74	9.23	6.72	8.12	9.86	8.76	8.76
7.14	7.36	7.38	7.59	8.29	10.22	10.65	10.65
9.45	10.5	11.41	11.54	9.83	10.48	9.98	9.98
7.59	7.76	13.19	7.93	9.31	9.5	10.66	10.66
5.71	6.21	11.47	6.7	8.73	5.75	8.72	8.72
6.9	6.92	12.72	6.95	8.83	8.94	8.47	8.47
5.77	6.35	11.28	6.93	8.24	6.45	6.88	6.88
3.7	5.59	12.15	7.48	6.5	6.63	7.31	7.31
6.26	6.69	8.19	7.12	6.21	8	7.86	7.86
3.32	6.17	9.78	9.02	6.38	6.34	6.96	6.96
5.58	7.7	9.18	9.82	8.17	4.04	7.92	7.92
5.19	6.04	8.8	6.89	7	7.99	9.42	9.42
4.38	5.42	12.43	6.45	7.3	5.01	6.52	6.52
5.68	6.36	8.55	7.03	5.8	7.54	6.49	6.49
5.66	7.12	7.18	8.59	8.04	7.14	7.61	7.61
6.39	6.54	8.79	6.69	8.38	7.63	7.81	7.81
5.26	7.14	8.07	9.02	8.41	4.6	6.15	6.15
5.18	6.95	9.9	8.72	7.62	5.05	6.13	6.13
5.02	6.85	12.34	8.68	6.82	6.53	6.95	6.95
6.34	8.17	12.18	10.01	8.31	4.89	7.92	7.92
4.81	6.41	7.71	8.01	8.33	8.51	8.67	8.67
5.02	7.33	9.09	9.64	7.79	6.4	7.76	7.76
6.85	7.24	9.95	7.63	7.59	7.52	8.71	8.71
6.13	7.2	10.92	8.26	7.97	8.38	8.72	8.72
5.46	7.06	9.15	8.66	8.82	9.26	8.38	8.38
7.02	7.63	9.07	8.25	6.82	6.66	7.02	7.02
6.28	7.46	8.88	8.64	7.45	6.6	6.18	6.18
4.44	5.94	9.19	7.45	7.58	6.43	7.39	7.39
4.13	4.94	8.78	5.75	6.53	5.93	6.02	6.02
5.51	6.97	8.06	8.44	6.88	7.28	7.35	7.35
3.15	5.35	7.4	7.55	6.53	5.4	6.31	6.31
4.57	5.73	7.62	6.9	6.12	7.46	7.06	7.06
7.45	7.05	8.15	6.65	6.71	8.31	6.81	6.81
6.95	7.23	7.78	7.51	7.77	8.88	7.34	7.34
6.67	6.63	6.26	6.59	6.23	5.53	5.74	5.74
4.89	6.62	6.59	8.35	7.02	7.31	6.91	6.91
8.71	8.31	8.06	7.92	8.4	8.08	7.64	7.64
3.05	4.53	9.65	6.02	5.52	4.64	5.45	5.45
4.99	6.08	7.26	7.17	5.96	5.47	5.44	5.44
5.39	5.77	6.33	6.15	5.17	6.5	5.38	5.38
3.59	4.4	5.97	5.22	6.05	6.11	6.16	6.16
4.31	5.39	6.93	6.47	6.98	5.79	6.77	6.77
3.64	4.6	6.62	5.57	8.26	5.78	8.19	8.19
4.88	5.25	5.98	5.63	5.94	6.17	6.19	6.19
3.48	4.77	7.34	6.06	5.55	5.28	5.92	5.92
2.76	3.64	5.92	4.52	6.75	4.45	5.37	5.37
2.66	4.92	6.91	7.18	6.48	6.44	5.46	5.46
4.47	4.2	5.59	3.94	5.82	5.35	5.8	5.8
5.07	5.38	6.23	5.69	5.19	2.54	4.45	4.45
3.52	4.34	3.72	5.17	5.14	3.95	4.56	4.56
5.83	6.3	7.03	6.78	6.1	5.4	5.39	5.39
2.3	3.5	5.04	4.71	4.13	2.96	3.84	3.84
4.54	5.26	5.72	5.99	5.06	4.53	5.22	5.22
6.63	6.87	6.45	7.1	6.39	4.52	5.22	5.22
5.18	5.24	4.61	5.3	6.68	5.24	5.93	5.93
2.68	3.49	3.16	4.29	3.24	4.59	4.48	4.48
4.71	6.04	5.63	7.37	5.63	4.26	5.21	5.21
3.6	4.08	6.31	4.57	3.98	2.63	3.51	3.51
3.27	3.81	7.41	4.36	4.46	4.22	4.31	4.31
4.12	3.94	6.69	3.76	3.77	3.77	3.93	3.93
4.33	4.02	7.09	3.71	3.66	2.28	3.38	3.38
2.08	2.72	7.23	3.37	4.02	3.04	4.08	4.08
1.98	3.54	3.78	5.1	3.9	2.52	3.19	3.19
1.95	2.89	4.54	3.84	4	4.23	4.27	4.27
1.95	2.72	4.29	3.48	4.11	3.81	4.19	4.19
1.85	2.45	4.29	3.06	3.36	2.95	3.28	3.28
2.92	2.6	1.81	2.27	3.64	3.35	3.04	3.04
1.6	2.31	2.47	3.03	4.83	4.77	4.81	4.81
4.3	5.08	4.24	5.86	5.56	3.47	4.18	4.18
4.24	3.81	3.9	3.38	4.46	1.82	3.04	3.04
1.58	2.48	2	3.39	2.22	1.8	2.1	2.1
1.41	1.86	2.77	2.3	1.55	1.47	1.5	1.5
1.95	2.35	1.99	2.75	2.08	2.11	2.34	2.34
1.51	2.39	2.16	3.26	1.69	1.52	1.8	1.8
2	2.37	3.39	2.74	2.81	2.16	2.69	2.69
1.8	2.09	2.47	2.39	2.81	1.93	2.5	2.5
1.68	1.96	2.09	2.23	3.34	1.9	2.94	2.94
1.94	3.07	3.4	4.2	3.23	1.84	2.93	2.93
2.6	3.79	4.55	4.98	4.91	3.49	3.82	3.82
2.7	3	4.13	3.3	3.22	3.49	3.82	3.82
2.83	3.63	2.49	4.43	4.49	2.54	3.77	3.77
6.06	7.2	7.47	8.34	5.62	5.97	5.83	5.83
4.46	3.44	2.33	2.41	3.38	5.73	4.34	4.34
3.09	3.33	2.35	3.57	3.95	5.73	4.34	4.34
3.05	3.54	3.4	4.04	3.19	2.8	2.79	2.79
1.28	1.55	1.3	1.81	2.83	1.7	2.7	2.7
1	2.02	1.12	3.03	2.18	1.53	2.44	2.44
2.22	2.46	1.54	2.7	2.48	2.31	2.48	2.48
1.32	2.08	2.61	2.85	2.8	2.66	2.58	2.58
1.33	1.53	2.52	1.73	3.08	2.76	2.48	2.48
2.1	2.23	3.06	2.35	2.93	2.72	2.68	2.68
1.14	1.88	1.55	2.62	2.14	2.09	2	2
0.85	1.01	1.85	1.17	1.16	1.26	1.21	1.21
1.54	1.28	3.91	1.02	1.3	1.26	1.21	1.21
1.9	2.23	3.96	2.56	1.68	1.26	1.21	1.21
1.44	1.79	5.05	2.15	1.59	1.26	1.21	1.21
1.04	1.3	3.95	1.56	1.56	1.44	1.68	1.68
1.32	1.46	1.38	1.6	1.47	1.11	1.57	1.57
0.96	1.08	1.81	1.21	2.02	1.02	1.95	1.95
0.95	1.32	1.6	1.69	1.72	1.3	1.6	1.6
0.94	1.22	0.84	1.51	1.92	2.38	2.36	2.36
0.77	1.4	1.19	2.03	1.78	2.38	2.36	2.36
1.02	1.75	4.06	2.49	1.65	1.86	2.14	2.14
2.76	3.06	4.59	3.37	2.69	2.11	2.69	2.69
3.19	3.3	3.98	3.4	2.56	3.16	3.2	3.2
0.88	1.06	2.41	1.23	1.12	1.01	1.14	1.14
0.8	1.17	1.33	1.54	1.05	0.91	1.1	1.1
0.86	1.34	0.97	1.83	1.07	1.21	1.19	1.19
0.79	1.09	0.8	1.38	1.5	0.9	1.23	1.23
0.81	1.32	1.67	1.82	1.27	1.19	1.31	1.31
1.24	1.46	1.3	1.68	1.31	1.28	1.27	1.27
1.37	1.71	1.24	2.04	1.5	1.07	1.53	1.53
1	1.53	1.27	2.07	1.25	0.8	1.34	1.34
1.04	1.4	1.35	1.76	1.79	0.85	1.55	1.55
1.26	1.75	1.28	2.25	1.52	1.24	1.22	1.22
1.75	1.66	1.85	1.56	1.39	1.27	1.33	1.33
0.69	1.84	1.01	2.99	2.06	1.29	2.14	2.14
0.71	1.34	0.93	1.97	1.38	1.35	1.61	1.61
1.01	1.48	1.18	1.95	1.2	1.19	1.21	1.21
0.77	0.92	0.77	1.07	0.94	0.99	1.06	1.06
0.63	0.95	1.44	1.27	1.21	0.77	1.15	1.15
0.67	0.99	0.89	1.31	1.09	0.69	1.17	1.17
0.69	0.98	0.93	1.26	1.28	1.25	1.38	1.38
0.93	1.03	1.08	1.13	1.22	0.79	1.33	1.33
0.65	1.08	0.6	1.51	1.31	1.35	1.7	1.7
0.67	1.07	0.66	1.46	0.9	1.25	1.05	1.05
0.69	0.74	1.36	0.79	0.86	0.98	1.1	1.1
0.74	1.3	1.81	1.87	0.86	1	1.23	1.23
0.53	0.58	1.04	0.63	0.63	0.68	0.69	0.69
1.16	1.22	1.35	1.29	0.79	0.76	0.81	0.81
0.77	1.31	0.58	1.86	1.1	0.85	0.99	0.99
0.53	1.09	0.53	1.65	0.86	1.02	0.94	0.94
0.66	0.77	0.54	0.88	0.52	0.61	0.58	0.58
0.93	1.14	0.93	1.36	0.83	0.77	0.78	0.78
0.6	0.72	0.61	0.84	0.84	0.71	0.97	0.97
0.75	0.98	0.66	1.22	1.05	0.7	0.96	0.96
0.59	1.61	1.33	2.62	2.14	1.39	2.37	2.37
1.2	1.78	1.28	2.35	1.46	1.35	1.4	1.4
1.85	1.74	1.21	1.63	1.3	1.6	1.41	1.41
1.82	1.35	1.01	0.87	1.22	0.68	0.92	0.92
0.57	0.66	0.62	0.75	1.52	0.83	1.34	1.34
1.1	1.34	0.86	1.57	1.23	1.24	1.28	1.28
2	2.05	1.35	2.11	1.31	2.07	1.58	1.58
0.75	1.09	1.26	1.43	0.9	1.4	1.2	1.2
0.62	0.95	0.61	1.27	0.87	0.74	0.9	0.9
0.62	0.68	0.62	0.74	0.97	0.7	0.93	0.93
0.65	1.04	0.59	1.43	1.31	0.7	1.26	1.26
0.65	0.72	0.63	0.79	1.21	0.91	0.92	0.92
0.87	1.84	1.23	2.8	1.88	1.67	1.78	1.78
0.84	1.06	0.57	1.28	1.59	0.69	1.3	1.3
0.66	1.28	0.58	1.91	1.23	1.13	1.4	1.4
0.55	2.06	2.18	3.57	1.8	2.68	2.81	2.81
0.85	1.13	0.8	1.41	0.75	0.84	0.81	0.81
0.76	0.8	0.55	0.84	0.78	0.79	0.78	0.78
0.68	0.73	1.16	0.79	0.8	0.79	0.9	0.9
0.9	1.25	2.83	1.61	0.96	0.86	1.04	1.04
1.29	1.4	3.05	1.51	1.23	0.64	1.16	1.16
1.74	2.01	4.07	2.27	1.86	0.83	1.74	1.74
0.7	0.97	0.66	1.24	1.51	1.09	1.23	1.23
0.68	0.89	0.66	1.1	1.58	0.98	1.14	1.14
1.83	1.77	1.98	1.7	2.07	0.81	1.58	1.58
1.05	0.99	1.22	0.93	1.81	0.8	1.31	1.31
1.51	1.57	2.06	1.62	2.2	0.78	1.08	1.08
1.07	0.87	0.91	0.67	1.89	0.78	1.43	1.43
0.69	1.08	0.68	1.46	1.61	1.02	1.69	1.69
0.76	1.42	2.16	2.07	2.41	1.08	1.67	1.67
0.79	1.24	0.93	1.69	1.38	1.93	1.93	1.93
0.52	0.55	0.56	0.59	0.87	0.69	0.94	0.94
0.54	0.75	0.77	0.95	0.81	0.84	0.94	0.94
0.88	1.14	0.96	1.4	1.17	1.07	1.09	1.09
0.83	1.32	0.81	1.81	1.5	0.94	1.31	1.31
0.96	1.23	0.87	1.51	1.17	0.92	0.99	0.99
0.76	1.04	1.25	1.33	0.93	1.04	1.11	1.11
0.87	1.4	1	1.93	1.19	1.24	1.46	1.46
0.64	1.05	0.54	1.46	0.84	0.98	0.8	0.8
1.08	1.27	1.95	1.45	1.16	1.2	1.55	1.55
0.73	1.05	1.16	1.37	1.44	1.34	2.04	2.04
0.81	1.07	0.72	1.34	1.14	1.15	1.14	1.14
0.77	1.01	0.7	1.26	1.18	1.01	0.99	0.99
0.9	1.08	0.94	1.27	1.34	1.05	1.2	1.2
0.95	1.16	0.93	1.37	1.94	1.01	1.44	1.44
1.57	1.89	1	2.22	2.25	1.8	2.16	2.16
2.28	2.58	1.93	2.89	2.68	2.89	3.12	3.12
2.38	2.61	1.87	2.83	1.83	2.38	1.98	1.98
1.07	1.51	0.96	1.95	1.37	1.37	1.53	1.53
1.07	1.29	0.88	1.52	1.43	1.12	1.41	1.41
1.35	1.75	1.11	2.16	1.95	1.75	1.89	1.89
1.38	2.34	2.29	3.3	2.27	2.5	2.71	2.71
1.08	1.92	2.18	2.75	1.48	2.6	2.3	2.3
0.94	1.43	1.52	1.92	1.19	1.3	1.53	1.53
1.59	1.65	2.94	1.71	1.53	1.14	1.62	1.62
1.59	2.06	4.82	2.53	2.14	1.57	2.33	2.33
1.2	1.98	1.23	2.76	1.93	1.34	1.59	1.59
2.03	2.48	2.57	2.92	2.61	1.94	2.66	2.66
1.78	1.84	1.22	1.91	1.61	1.11	1.46	1.46
1.51	1.95	1.68	2.38	1.9	1.24	1.43	1.43
1.64	1.91	1.69	2.18	2.06	1.99	2.08	2.08
0.81	1.03	0.81	1.26	1.14	1.3	1.44	1.44
1.58	1.84	0.99	2.11	1.53	1.41	1.62	1.62
2.87	3.15	3.04	3.43	3.13	3.12	3.22	3.22
2.4	2.03	1.34	1.66	2	2.97	2.34	2.34
1.79	1.79	1.17	1.8	1.36	1.6	1.51	1.51
2.37	2.34	1.76	2.32	1.9	1.81	1.8	1.8
1.69	2.25	1.5	2.81	1.95	1.54	1.64	1.64
2.15	2.55	2.58	2.95	2.45	2.07	2.42	2.42
2.66	2.83	2.42	2.99	2.67	2.65	2.84	2.84
1.46	1.87	1.94	2.28	2.68	1.84	2.24	2.24
1.5	1.91	1.9	2.33	2.85	1.95	2.67	2.67
1.66	2.22	2.19	2.77	3.29	1.91	2.73	2.73
1.1	2.14	1.29	3.18	2.45	2.03	2.36	2.36
3.13	3.05	3.72	2.97	3.49	3.06	3.12	3.12
2.97	2.9	3.81	2.83	3.69	2.48	3.23	3.23
1.92	2.41	3.61	2.89	3.47	2.58	3.14	3.14
3.71	4.11	3.58	4.51	3.41	3.22	3.4	3.4
2.31	2.91	3.08	3.5	3.44	2.67	3.22	3.22
1.5	2.23	1.75	2.95	2.61	1.94	2.18	2.18
2.27	2.67	1.8	3.06	2.66	2.43	2.64	2.64
1.89	2.21	2.37	2.53	1.94	2.31	2.33	2.33
2.99	3.01	4.74	3.03	3.21	2.61	3.69	3.69
2.07	2.81	4.66	3.54	2.68	2.21	2.78	2.78
3.09	3.21	3.41	3.34	3.25	3.13	3.5	3.5
1.92	3.21	3.96	4.5	3.71	2.97	3.37	3.37
1.75	1.94	1.54	2.13	2.01	1.34	1.57	1.57
3.19	3.43	2.82	3.67	3.2	2.37	2.49	2.49
3.97	4.41	4.07	4.85	3.8	2.7	2.86	2.86
2.21	2.69	3.48	3.18	3.05	2.58	3.02	3.02
3.31	3.52	3.82	3.72	3.7	2.87	3.1	3.1
2.49	3.03	4.11	3.56	3.89	2.71	3.17	3.17
3.56	3.79	4.12	4.02	4.15	3.4	3.69	3.69
2.16	2.81	3.5	3.47	3.43	2.12	3	3
4.05	4.03	3.65	4.01	3.69	3.46	3.64	3.64
2.34	2.5	2.81	2.67	2.86	3.14	3.05	3.05
1.29	1.74	1.43	2.19	1.24	1.38	1.35	1.35
1.66	2.42	2.77	3.17	1.96	1.96	1.88	1.88
2.99	3.42	4	3.85	3.22	2.91	3.08	3.08
2.8	3.14	3.16	3.48	4.02	3.23	3.97	3.97
3.56	3.97	3.6	4.39	4.51	3.46	3.95	3.95
3.26	3.95	5.12	4.64	4.71	3.26	4.06	4.06
4.63	4.16	4.65	3.69	4.52	3.8	4.28	4.28
2.51	3.3	5.3	4.1	4.37	2.99	4.09	4.09
3	3.43	3.84	3.87	4.3	3.3	3.77	3.77
3.78	4.15	4.44	4.51	5.64	3.1	4.47	4.47
4.24	4.91	3.95	5.58	5.77	4.16	5.2	5.2
3.56	5.14	5.94	6.71	6.21	4.77	5.6	5.6
5.15	4.02	1.99	2.9	4.38	3.16	3.37	3.37
1.89	2.07	1.95	2.25	2.48	1.84	2.02	2.02
4.57	4.77	2.69	4.98	3.84	5.48	4.38	4.38
3.46	3.7	2.84	3.94	3.03	3.53	3.19	3.19
4.02	4.26	3.58	4.49	3.73	3.52	3.64	3.64
3.69	4.25	4.11	4.81	4.71	3.6	4.37	4.37
6.05	6.24	5.02	6.42	5.95	5.62	5.53	5.53
3.9	4.28	4.27	4.67	4.42	4.19	4.35	4.35
4.09	4.23	4.43	4.37	3.89	3.39	4.02	4.02
5.63	5.74	5.08	5.84	5.36	4.95	5.23	5.23
5.11	5.72	5.93	6.32	5.79	4.46	5.13	5.13
4.13	4.81	5.47	5.49	4.98	5.21	5.61	5.61
3.26	3.65	4.08	4.03	4.57	3.39	4.3	4.3
4.55	4.64	4.79	4.73	4.89	4.23	4.63	4.63
5.4	5.84	6.2	6.28	5.7	5.38	5.54	5.54
5.13	5.47	4.94	5.81	5.41	4.5	4.9	4.9
3.3	3.67	4.43	4.04	4.69	3.14	3.99	3.99
4.07	4.28	4.05	4.48	4.1	2.87	3.54	3.54
5.23	5.37	4.72	5.51	4.62	4.37	4.63	4.63
4.85	5.73	4.86	6.62	6.08	5.7	6.25	6.25
6.58	6.86	6.67	7.14	6.16	6.13	5.87	5.87
4.89	5.47	5.97	6.05	5.46	4.37	4.9	4.9
4.44	4.8	5.76	5.16	5.44	3.79	4.77	4.77
4.17	4.85	4.09	5.54	4.09	4.21	4.31	4.31
4.48	5.21	4.02	5.94	5.17	4.55	5.17	5.17
4.53	4.67	5.88	4.81	5.48	4.14	5.43	5.43
4.23	4.6	3.28	4.97	5.26	6.57	6.59	6.59
3.42	3.52	4.09	3.62	4.15	3.97	4.5	4.5
4.84	5.34	6.29	5.84	4.98	4.48	5	5
3.17	3.66	3.61	4.15	3.51	3.07	4.07	4.07
4.19	4.19	4.23	4.19	5.24	3.98	5.33	5.33
3.67	4.39	5.19	5.12	5.07	3.77	4.81	4.81
6.25	6.45	6.85	6.65	5.67	5.7	6.2	6.2
6.05	6	6.34	5.94	5.45	4.85	5.17	5.17
3.32	4.29	4.62	5.25	4.23	3.74	4.44	4.44
5.31	6.13	6.08	6.94	5.46	5.65	6.25	6.25
6.12	6.93	8.6	7.74	7.55	5.96	7.06	7.06
4.41	5.57	5.39	6.72	5.8	3.73	4.5	4.5
4.01	5.6	5.01	7.2	5.58	4.82	5.66	5.66
5.66	6.28	5.35	6.91	6.49	5.61	6.33	6.33
6.61	6.76	7.68	6.9	6.75	5.27	6.01	6.01
6.78	7.27	7.6	7.76	7.47	6.59	6.9	6.9
6.18	7.02	6.96	7.86	7.13	7.35	7.42	7.42
4.91	6.26	7.23	7.6	7.34	5.32	6.61	6.61
6.2	7.06	9.42	7.93	7.05	6.23	7.29	7.29
6.16	6.85	7.95	7.54	6.68	6.17	6.72	6.72
5.17	5.97	6.3	6.78	6.88	5.81	6.82	6.82
4.91	6.22	7.2	7.52	6.8	5.24	6.52	6.52
5.98	6.76	7.86	7.53	7.13	4.38	6.38	6.38
6.17	7.16	8.67	8.15	7.56	6.63	8.05	8.05
6.04	6.57	11.52	7.11	6.61	5.68	6.69	6.69
4.84	5.76	10.03	6.69	7.99	6.22	7.97	7.97
4.49	6.29	9.65	8.08	7.33	6.05	8.33	8.33
6.96	8.45	10.6	9.94	7.65	7.62	9.1	9.1
6.79	7.49	7.73	8.19	7.29	6.63	6.89	6.89
6.3	6.95	7.37	7.6	7.16	7.76	7.9	7.9
4.47	5.35	7.68	6.24	6.32	4.83	6.57	6.57
4.51	5.66	11.32	6.82	6.84	5.23	6.9	6.9
4.42	6.27	9.73	8.12	7.64	5.14	7.46	7.46
6.68	7.88	9.8	9.07	8.47	5.31	7.66	7.66
7.2	7.76	8.52	8.33	8.03	6.04	7.21	7.21
6.97	8.05	10.16	9.13	8.08	7.12	8.03	8.03
6.22	7.67	8.44	9.12	7.1	7.53	7.4	7.4
6.54	7.92	8.58	9.3	7.26	6.13	6.9	6.9
7.69	8.2	10.24	8.7	8.13	9.01	8.55	8.55
8.46	8.04	8.88	7.63	8.04	6.34	7.59	7.59
8.26	8.78	12.18	9.3	8.43	7	9.34	9.34
4.03	6.05	12.04	8.06	6.91	6.67	7.46	7.46
5.54	7.03	11.53	8.52	6.42	5.04	6.61	6.61
6.8	7.91	11.12	9.01	7.84	5.16	7.62	7.62
4.7	5.8	9.8	6.91	7.5	5.32	7.12	7.12
4.56	6.26	11.59	7.95	6.89	8.71	8	8
7.62	8.15	9.96	8.68	7.96	8.27	8.19	8.19
7.81	8.16	8.4	8.5	7.52	9.15	8.39	8.39
6.62	6.98	9.03	7.34	6.72	6.19	6.54	6.54
5.89	6.65	9.57	7.41	7.03	5.71	7.6	7.6
6.34	6.85	12.2	7.36	7.73	7.67	9.2	9.2
4.76	6.6	13.49	8.44	7.55	4.91	7.1	7.1
8.04	9.15	11.13	10.26	7.57	6.3	7.09	7.09
7.87	9.11	12.24	10.35	8.65	9.57	8.8	8.8
8.13	9.3	9.25	10.48	7.84	8.66	8.49	8.49
7.14	8.9	11.74	10.66	8.69	8.67	9.22	9.22
7.11	8.11	12.08	9.11	7.49	8.78	8.49	8.49
7.09	8.24	10.26	9.39	8.6	6.27	7.7	7.7
6.59	7.36	10.52	8.13	8.77	5.17	7.25	7.25
6.1	7.38	9.05	8.65	7.87	7.72	8.34	8.34
5.56	7.3	13.2	9.05	7.29	8.94	8.13	8.13
8.5	9.23	10.05	9.96	8.53	9.02	9.54	9.54
4.54	6.76	9.54	8.99	7.81	6.29	6.58	6.58
4.57	6.79	13.73	9.01	7.85	6.66	7.82	7.82
7.83	8.45	8.67	9.06	8.84	6.83	7.49	7.49
8.25	9.36	10.61	10.47	8.78	8.96	8.8	8.8
7.29	8.14	10.63	8.99	7.31	7.77	7.86	7.86
7.58	8.66	10.94	9.74	7.96	6.41	7.04	7.04
7.02	8.04	11.7	9.07	7.95	8.35	8.89	8.89
6.69	7.98	11.13	9.28	8.08	7.06	7.7	7.7
7.27	8.17	9.51	9.06	7.65	6.41	7.06	7.06
4.54	6.4	11.6	8.26	7.62	4.54	6.73	6.73
6.11	6.91	12.44	7.71	7.44	6.12	7.36	7.36
5.32	6.88	11.72	8.43	7.8	6.29	7.61	7.61
7.56	8.15	12.91	8.73	7.89	6.29	7.16	7.16
9.34	9.3	10.99	9.25	8.49	8.74	9.56	9.56
7.78	8.47	11.74	9.15	7.84	8.19	8.53	8.53
6.44	6.8	9.55	7.16	5.74	8.9	7.66	7.66
6.99	7.26	7.75	7.54	6.56	6.75	6.94	6.94
6.51	7.59	11.6	8.68	6.59	6.58	6.52	6.52
8.41	8.18	12.15	7.94	7.46	8.54	8.06	8.06
5.61	6.13	11.12	6.65	8.85	7.38	9.6	9.6
6.04	6.41	13.98	6.78	8.31	6.94	6.97	6.97
6.69	7.17	15.92	7.66	8.75	7.5	7.85	7.85
7.93	9.39	13.1	10.86	8.47	8.1	8.29	8.29
3.88	6.86	9.84	9.85	6.27	6.29	6.38	6.38
5.51	7.79	6.82	10.08	8.08	6.78	6.9	6.9
6.4	9.62	9.87	12.83	7.93	6.45	7.55	7.55
7.64	10.07	12.46	12.5	9.45	6.05	8.3	8.3
6.07	6.92	9.2	7.77	8.02	6.44	7.66	7.66
5.41	6.26	7.82	7.11	8.21	5.98	7.72	7.72
4.19	5.87	9.58	7.56	6.63	7.15	7.95	7.95
5.71	7.56	9.87	9.42	7.11	9.1	7.92	7.92
4.26	5.5	8.04	6.73	6.38	5.73	7.12	7.12
4.23	7.41	10.7	10.59	8.36	6.99	7.61	7.61
4.42	6.47	11.7	8.52	7.81	7.11	7.38	7.38
4.22	7.01	12.22	9.81	7.05	6.11	6.76	6.76
4.72	7.07	10.28	9.41	8.77	7.07	9.92	9.92
6.89	7.95	8.56	9	8.14	8.75	9.03	9.03
3.85	6.31	9.93	8.77	7.01	8.5	8	8
5.19	6.41	8.21	7.63	7.93	9.69	8.98	8.98
8.62	8.63	13.34	8.64	9.08	9.66	9.83	9.83
7.35	7.98	12.68	8.62	8.06	6.16	8.51	8.51
5.65	6.53	12.49	7.42	7.15	5.83	7.3	7.3
4.16	5.96	11.88	7.75	7.99	7.87	9.19	9.19
4.07	6.59	11.31	9.1	8.12	6.45	7.88	7.88
3.99	5.57	8.52	7.15	8.48	5.35	6.42	6.42
3.87	5.2	11.97	6.53	7.03	5.86	6.43	6.43
3.96	7.04	9.95	10.11	6.6	7.76	7.87	7.87
6.56	7.18	9.32	7.8	7.34	7.27	7.53	7.53
6.05	7.93	9.29	9.82	6.84	10.06	8.84	8.84
6.47	6.71	10.73	6.95	7.43	9.87	9.77	9.77
4.65	6.29	10.82	7.93	8.33	9.19	9.02	9.02
5.88	7.58	10.89	9.27	7.88	8.21	9.58	9.58
5.45	6.36	8.97	7.27	6.52	5.35	6.44	6.44
7.49	7.95	7.74	8.42	6.31	7.94	6.52	6.52
7.53	7.83	8	8.13	6.79	6.21	6.42	6.42
6.92	8.23	7.72	9.54	6.73	6.11	6.53	6.53
5.6	6.88	6.74	8.16	6.18	4.73	5.87	5.87
7.11	8.44	8.76	9.77	8.03	8.05	8.4	8.4
7.35	8.1	8.27	8.85	6.48	7.76	7.28	7.28
6.39	7.3	7.86	8.22	7	6.84	7.3	7.3
3.53	5.23	8.22	6.93	6.72	6.39	7.82	7.82
3.45	5.49	9.27	7.53	6.83	5.72	6.21	6.21
6.7	7.39	8.45	8.08	8.09	7.25	8.97	8.97
6.23	6.67	7.43	7.11	7.25	7.32	7.33	7.33
6.53	7.1	8.31	7.66	5.82	4.97	5.55	5.55
4.81	5.81	7.26	6.82	5.9	5.72	5.65	5.65
5.43	6.05	7.53	6.67	5.88	5.53	5.56	5.56
5.77	6.56	7.38	7.34	5.65	6.85	6.58	6.58
3.83	4.83	7.46	5.82	6.71	4.97	6.8	6.8
4.1	5.53	7.22	6.97	6.83	5.41	6.32	6.32
3.16	4.97	6.9	6.77	5.54	3.63	4.4	4.4
2.91	4.64	6.95	6.38	6.64	4.34	5.64	5.64
2.84	3.67	7.05	4.5	6.51	5.95	6.63	6.63
5.86	5.97	7.02	6.07	6.06	6.31	6.45	6.45
5.76	6.18	7.14	6.59	6.44	6.33	6.28	6.28
4.34	4.99	6.89	5.64	5.65	5.12	5.76	5.76
4.3	4.36	6.67	4.41	5.94	4.57	5.84	5.84
3.56	4.71	7.17	5.87	5.5	3.94	5.38	5.38
6.02	5.78	12.54	5.54	5.57	5.78	5.44	5.44
4.04	5.51	7.82	6.97	5.3	6.24	6.14	6.14
4.83	5.11	6.38	5.38	4.76	4.76	4.85	4.85
3.55	5.36	6.76	7.17	5.89	7.2	7.32	7.32
4.63	5.44	3.46	6.26	5.5	6.27	6.58	6.58
3.23	3.78	5.73	4.34	5.39	5.07	6.7	6.7
3.22	4.3	4.45	5.37	4.79	5.7	5.86	5.86
4.41	4.82	5.52	5.23	5.55	5.07	5.61	5.61
3.6	3.56	3.26	3.52	5.07	2.54	3.73	3.73
4.45	5.11	5.07	5.77	5.86	4.97	5.51	5.51
5.37	5.77	5.83	6.16	5.09	5.46	5.91	5.91
3.78	4.39	4.08	4.99	4.22	5.66	5.66	5.66
6	5.2	5.93	4.4	5.5	6.33	5.84	5.84
6.1	5.09	8.08	4.07	4.49	4.24	5.41	5.41
4.12	4.05	9.24	3.98	3.13	2.54	2.92	2.92
2.3	3.33	10.17	4.36	4.46	3.82	4.64	4.64
2.24	3.78	5.24	5.33	4.4	5.39	5.74	5.74
7.85	6.33	6.48	4.82	5.1	5.56	4.74	4.74
4.99	4.72	5.5	4.45	3.77	3.87	3.86	3.86
1.98	2.81	1.96	3.65	3.6	3.81	3.75	3.75
2.63	2.79	8.7	2.95	3.94	2.12	3.64	3.64
2.98	3.33	7.92	3.68	3.78	3.61	3.94	3.94
2.35	3.02	3.71	3.68	3.97	5.36	5.75	5.75
2.23	2.8	2.9	3.38	3.69	4.22	4.81	4.81
1.73	3.16	4.26	4.58	3.51	3	3.51	3.51
1.76	2.66	3.98	3.56	4.36	1.9	3.03	3.03
1.75	2.32	2.89	2.9	3.54	3.89	4.52	4.52
4.88	4.88	4.79	4.87	5.26	5.38	5.36	5.36
3.8	3.95	5.28	4.1	3.87	3.93	4.57	4.57
2.93	3.26	2.05	3.58	3.49	4.84	5.15	5.15
5.64	4.57	3.28	3.49	3.88	4.6	4.23	4.23
4.19	4.06	3.33	3.93	3.12	3.77	3.63	3.63
3.92	3.66	3.66	3.39	2.97	1.91	2.2	2.2
3.62	3.85	3.55	4.08	3.7	4.65	4.13	4.13
3.91	3.71	4.31	3.51	3.54	4.71	3.79	3.79
5.68	4.83	4.06	3.98	3.97	4.02	3.73	3.73
4.08	4.48	4.08	4.88	4.47	3.74	4.94	4.94
4.98	5.19	3.83	5.4	4.19	2.51	3.09	3.09
2.62	3	3.38	3.39	2.6	2.31	2.6	2.6
2.94	3.59	3.09	4.24	2.88	3.76	3.44	3.44
4.08	3.9	4.02	3.72	3.29	2.42	2.8	2.8
3.55	3.68	3.66	3.81	2.4	2.26	2.22	2.22
4.71	4.18	3.13	3.65	2.9	3	2.93	2.93
1.85	1.69	2.02	1.53	1.95	1.33	1.87	1.87
1.17	2.08	3.8	2.99	2.42	1.61	2.84	2.84
1.12	1.94	1.59	2.77	2.31	1.2	1.56	1.56
1.26	2.19	2.4	3.13	2.99	1.34	2.81	2.81
3.37	2.53	2.13	1.69	2.42	2.39	3.1	3.1
2.99	3.97	4.44	4.94	3.75	4.37	5.11	5.11
2.63	3.2	4.95	3.76	2.67	2.73	2.98	2.98
2.22	2.31	2.11	2.4	1.88	2.63	2.05	2.05
2.03	2.03	1.61	2.02	2.52	2.41	2.79	2.79
0.96	1.36	0.95	1.76	1.79	1.41	2.06	2.06
1.74	2.43	3.9	3.11	2.4	2.46	2.35	2.35
1.57	2.17	4.18	2.76	1.36	3.11	2.42	2.42
1	1.67	1.26	2.35	1.36	1.75	1.87	1.87
0.92	1.19	1.82	1.46	1.41	2.07	1.72	1.72
0.98	1.11	1.85	1.25	1.8	1.05	1.67	1.67
2.52	2.48	2.76	2.44	2.44	2.26	2.23	2.23
3.17	3.51	3.33	3.85	2.86	3.3	3.32	3.32
2.24	2.25	1.84	2.26	1.52	1.99	1.65	1.65
0.87	0.96	1.07	1.05	1.1	0.91	1.22	1.22
0.75	0.75	0.74	0.75	1.22	0.87	1.25	1.25
1.7	2.13	1.52	2.57	2.7	1.5	2.52	2.52
3.13	3.56	2.45	4	2.78	3.67	3.48	3.48
1.36	1.81	2.19	2.26	1.57	1.91	1.95	1.95
1.36	1.17	0.78	0.98	1.38	1.27	1.5	1.5
1.01	1.15	1.23	1.29	1.63	0.7	1.24	1.24
0.67	1.02	0.64	1.37	1.97	0.71	1.88	1.88
2.79	2.79	2.17	2.78	2.46	1.74	1.98	1.98
1.61	1.6	1.09	1.58	1.56	1.38	1.5	1.5
1.21	1.17	1.66	1.14	1.61	1.8	1.62	1.62
0.88	1.46	1.48	2.05	1.75	0.64	1.28	1.28
0.63	0.57	0.67	0.51	0.74	0.78	0.89	0.89
0.99	1.17	1.01	1.35	0.91	1.19	1.22	1.22
1.11	1.76	1.45	2.4	1.54	1.85	1.85	1.85
0.6	0.69	0.87	0.77	0.88	0.96	1.17	1.17
1.42	1.48	0.68	1.55	1.09	0.96	1.13	1.13
1.74	1.53	1.26	1.31	1.43	1.14	1.4	1.4
0.95	1.69	0.97	2.42	1.38	1.23	1.43	1.43
0.87	1.44	1.9	2.01	1.31	1.09	1.37	1.37
1.35	1.36	0.99	1.36	1.29	0.97	1.03	1.03
0.69	0.69	1.12	0.68	1.36	0.81	1.52	1.52
0.6	0.62	0.98	0.63	1.06	0.87	1.01	1.01
0.69	1.14	0.69	1.59	1.04	0.87	1.15	1.15
0.67	0.92	0.95	1.16	1.13	1.04	1.28	1.28
1.67	1.39	0.99	1.12	1.18	0.85	1.03	1.03
1.67	1.68	2.09	1.69	1.44	1.44	1.39	1.39
1.48	1.5	1.46	1.53	1.36	0.73	1.14	1.14
0.73	0.98	0.54	1.23	1.12	0.64	0.57	0.57
1.8	2.25	0.81	2.7	2.56	2.04	2.46	2.46
1.89	1.65	1.2	1.4	1.3	1.06	1.22	1.22
3.8	3.49	1.86	3.18	2.34	1.82	2.02	2.02
1.78	1.92	1.03	2.05	1.44	1.71	1.81	1.81
0.58	0.79	0.54	1	0.78	0.67	0.84	0.84
0.56	0.54	0.52	0.53	1.45	0.86	1.23	1.23
1.24	1.11	0.94	0.99	1.12	0.7	0.99	0.99
1.8	1.22	1.52	0.64	0.95	0.96	1.23	1.23
0.92	0.78	0.63	0.64	1.24	1.02	1.2	1.2
1.39	0.99	0.59	0.59	1.39	0.65	0.92	0.92
0.77	0.79	0.62	0.82	1.32	1.12	1.5	1.5
2.21	2.42	1.55	2.63	2.42	1.59	2.06	2.06
1.42	1.29	1.1	1.15	1.42	1.91	1.66	1.66
0.76	0.71	0.65	0.67	1.12	1.06	0.96	0.96
0.94	1.21	1.21	1.48	1.25	0.76	0.98	0.98
1.11	1.23	0.78	1.35	0.96	0.82	0.81	0.81
1.97	1.76	1.17	1.54	1.36	1.12	1.11	1.11
1.97	1.47	0.7	0.97	1.32	1.29	1.21	1.21
1.2	1.5	1.46	1.8	1.57	1.53	1.38	1.38
0.79	1.21	1.22	1.62	1.56	0.86	1.25	1.25
2.89	2.47	2.73	2.05	1.63	1.45	1.48	1.48
2.03	1.88	1.44	1.74	1.43	1.69	1.53	1.53
1.17	1.08	0.61	0.99	0.94	0.67	0.79	0.79
0.96	1.09	0.79	1.23	0.94	1.21	1.05	1.05
0.55	0.69	1.09	0.84	0.65	0.76	0.77	0.77
0.55	0.61	0.79	0.68	0.6	0.73	0.65	0.65
0.69	0.75	1.4	0.82	0.63	1.03	0.82	0.82
0.63	0.93	1.39	1.24	0.99	1.41	1.36	1.36
0.62	1.01	0.61	1.39	0.93	0.9	1.15	1.15
0.85	1.03	0.76	1.21	1.21	1	1.1	1.1
0.78	1.02	1.11	1.27	1.2	0.86	1.07	1.07
0.9	1.11	0.94	1.32	1.01	0.83	1.11	1.11
0.8	1.26	0.91	1.73	1.28	1.18	1.19	1.19
1.58	1.55	1.52	1.53	1.38	1.55	1.55	1.55
0.91	1.12	1.49	1.33	1.08	0.76	1.05	1.05
1.36	1.36	0.85	1.36	0.89	1.17	1.07	1.07
1.19	1.16	1.07	1.12	0.9	0.99	0.83	0.83
0.91	0.93	0.74	0.95	0.79	0.82	0.84	0.84
0.93	0.9	0.4	0.87	0.84	1.18	1.02	1.02
0.9	1	0.47	1.11	1.07	1.45	1.3	1.3
1.25	1.27	0.63	1.28	1.27	1.57	1.56	1.56
0.63	1.14	0.79	1.66	1.24	0.75	1.39	1.39
1.03	0.94	0.62	0.85	0.93	0.85	0.82	0.82
0.99	1.05	0.73	1.11	0.76	0.9	0.82	0.82
1.64	1.8	1.14	1.95	1.07	1.3	1.25	1.25
1.12	1.39	0.9	1.66	1.23	1.2	1.43	1.43
1.14	1.62	1.18	2.11	1.5	1.54	1.65	1.65
1.51	1.63	2.26	1.76	1.44	1.22	1.45	1.45
2.01	2.06	3.07	2.12	2.27	2.61	3.25	3.25
1.5	2.13	2.73	2.75	2.19	1.65	2.82	2.82
1.66	1.92	1.61	2.18	2.13	1.19	2.07	2.07
1.49	1.79	1.64	2.09	1.32	1.31	1.49	1.49
1.99	2.05	1.93	2.1	1.41	0.89	1.2	1.2
1.63	1.68	1.86	1.73	1.91	1.32	2.16	2.16
3.09	2.81	2.65	2.53	2.33	2.79	2.66	2.66
2.35	2.94	3.55	3.54	3.8	3.46	3.94	3.94
3.79	3.45	1.63	3.11	2.15	2.61	2.52	2.52
2.44	2.19	1.95	1.93	1.6	2.05	1.88	1.88
1.5	1.37	0.91	1.24	1.51	1.43	1.53	1.53
1.69	1.52	1.08	1.35	1.85	1.52	1.77	1.77
2.25	2.27	1.72	2.28	2.05	1.87	2.05	2.05
2.33	2.28	1.87	2.22	2.02	2.07	2.11	2.11
1.46	1.87	2.56	2.28	1.74	1.85	2.11	2.11
0.69	0.88	1.88	1.06	0.78	0.87	0.84	0.84
1.1	1.18	2.34	1.27	1.15	1.04	1.1	1.1
1.69	1.98	2.11	2.28	1.89	1.7	1.82	1.82
1.69	1.92	1.85	2.15	1.91	1.75	1.93	1.93
3.34	3.73	3.46	4.12	2.99	2.9	3.19	3.19
1.55	2.46	1.53	3.37	2.56	1.75	2.5	2.5
4.43	4.29	3.35	4.16	2.63	2.9	2.76	2.76
4.49	3.76	3.07	3.03	3.2	2.88	2.87	2.87
5.32	4.53	3.21	3.75	3.21	3.7	3.29	3.29
2.35	2.49	3.02	2.63	2.23	2.26	2.42	2.42
1.96	2.38	3.11	2.8	2.21	2.09	2.16	2.16
1.7	2.01	2.24	2.32	3.12	1.86	2.44	2.44
2.52	2.68	3.15	2.84	2.53	1.93	2.18	2.18
3	3.32	3.45	3.65	2.8	2	2.57	2.57
4.16	3.99	3.51	3.81	3	2.32	2.66	2.66
4.51	4.2	5.98	3.88	4.31	2.37	3.84	3.84
1.7	2.83	6.22	3.96	2.91	2.39	3.63	3.63
2.83	2.75	4.09	2.68	2.87	3.17	3.49	3.49
5.15	5.1	4.72	5.06	3.62	2.95	3.81	3.81
5.45	4.86	6.13	4.27	3.37	2.11	3.54	3.54
2.52	3.23	3.66	3.94	3.18	1.99	3.15	3.15
3.2	3.11	1.66	3.02	2.62	1.83	2.34	2.34
5.31	5.5	3.92	5.68	4.65	4.42	4.88	4.88
5.28	5.28	4.65	5.29	4.89	3.73	4.69	4.69
6.07	6.06	5.05	6.05	4.88	4.59	4.99	4.99
5.41	5.23	4.41	5.04	4.23	4.31	4.24	4.24
1.44	1.59	1.66	1.74	1.39	1.53	1.5	1.5
1.56	2.14	1.75	2.72	1.82	1.39	1.74	1.74
2.98	3.19	3.3	3.4	2.81	2.48	2.69	2.69
4.23	4.4	3.6	4.58	3.4	2.93	3.41	3.41
3.18	2.99	2.76	2.79	3	3.05	3.3	3.3
1.75	1.95	1.22	2.15	1.63	1.78	1.73	1.73
2.77	2.55	2.23	2.33	2.32	2.34	2.45	2.45
2.78	3.17	2.84	3.55	3.07	2.6	2.82	2.82
3.85	4.02	3.8	4.19	3.84	3.09	3.89	3.89
5.08	5.3	4.78	5.52	4.76	3.74	4.82	4.82
6.28	5.42	4.77	4.57	5.05	4.69	4.76	4.76
2.91	3.11	2.93	3.31	2.59	2.07	2.5	2.5
2.6	2.75	2.48	2.91	2.64	2.85	2.8	2.8
1.62	1.62	1.39	1.62	1.8	1.97	1.99	1.99
2.45	2.38	1.55	2.3	2.37	2.41	2.49	2.49
2.58	3.33	2.71	4.08	3.37	2.35	3.35	3.35
1.72	2.94	2.64	4.16	2.84	3.16	3.66	3.66
2.65	2.79	2.36	2.94	2.62	3.45	3.08	3.08
2.62	2.25	1.54	1.87	1.56	1.64	1.62	1.62
2.55	2.15	1.69	1.74	2.3	2.24	2.38	2.38
3.79	3.92	2.72	4.05	3.05	2.91	3.39	3.39
3.92	3.97	2.96	4.02	3.96	2.68	3.49	3.49
5.16	5	3.79	4.84	4.65	3.68	3.71	3.71
4.38	4.23	3.81	4.07	4.58	4.03	4.44	4.44
2.64	2.69	2.17	2.75	1.92	1.9	2.02	2.02
1.67	1.76	2.16	1.84	1.65	1.61	1.75	1.75
1.5	1.52	2.26	1.54	1.54	1.55	1.72	1.72
3.04	3.38	3.96	3.72	3.07	3.03	3.21	3.21
2.32	2.19	1.71	2.06	1.89	1.62	1.81	1.81
4.01	3.93	3.46	3.85	3.56	3.42	3.61	3.61
4.12	3.87	2.75	3.61	2.5	3.08	2.84	2.84
3.93	3.54	2.89	3.15	4.72	4.61	4.93	4.93
2.96	3.33	3.24	3.71	3.39	3.04	3.63	3.63
1.76	2.2	2.01	2.65	1.83	1.48	1.83	1.83
3.76	4.02	3.01	4.28	3.54	3.77	3.7	3.7
3.54	3.81	3.8	4.08	3.57	3.66	3.81	3.81
3.24	3.42	2.73	3.6	2.82	3.41	3.14	3.14
3.89	3.91	3.49	3.93	3.52	3.95	3.8	3.8
4.2	4.34	3.86	4.48	4.06	3.36	3.66	3.66
5.84	5.73	4.12	5.62	4.63	3.25	4.13	4.13
5.28	5.08	4.13	4.87	3.89	4.4	4.16	4.16
3.64	4.14	3.21	4.63	5.04	3.78	5.29	5.29
6.1	6.01	3.93	5.92	5.84	3.77	4.11	4.11
5.54	5.42	5.41	5.3	4.96	3.46	3.98	3.98
5.77	5.66	5.48	5.56	5.8	4.66	5.32	5.32
5.12	5.35	4.22	5.57	4.77	4.51	4.99	4.99
4.16	3.84	3.58	3.52	3.52	3.73	3.6	3.6
3.48	3.78	3.59	4.08	3.51	4.2	3.82	3.82
4.29	4.49	4.49	4.69	4.52	4.52	4.54	4.54
4.64	4.67	5.11	4.69	4.44	3.98	4.52	4.52
4.81	5.06	5.4	5.31	5.02	4.77	5.29	5.29
5.04	5.5	5.51	5.97	5.36	4.17	5.19	5.19
5.26	4.88	5.26	4.5	4.82	4.68	5.18	5.18
5.49	5.73	5.78	5.97	6.23	6.53	7.34	7.34
8.83	7.36	5.31	5.9	7.12	6.48	6.27	6.27
6.37	6.12	6.45	5.87	5.34	3.54	4.19	4.19
6.77	6.81	6.05	6.85	5.65	5.31	5.6	5.6
5.02	5.19	5.47	5.36	5.11	4.74	5.16	5.16
5.24	5.43	5.14	5.61	4.22	5.16	5.31	5.31
7.07	7.25	7.54	7.43	7.04	7.41	7.58	7.58
5.91	5.99	5.75	6.06	5.44	4.67	5.15	5.15
5.77	5.44	5.8	5.1	5.68	4.13	5.13	5.13
5.15	5.66	4.06	6.17	6	5.17	6.08	6.08
8.26	8.07	7.68	7.88	7.47	7.12	7.57	7.57
6.43	5.78	4.48	5.13	4.92	6.17	5.23	5.23
5.78	5.96	6.08	6.15	5.54	4.74	5.7	5.7
6.33	6.26	6.26	6.2	6.51	5.28	6.48	6.48
5.99	6.2	6.61	6.42	5.79	6.49	6.11	6.11
10.17	10.28	8.07	10.38	8.82	8.37	8.96	8.96
8.56	8.43	6.74	8.31	6.33	6.81	6.66	6.66
5.64	5.94	7.18	6.23	6.42	4.71	6.36	6.36
7.81	7.03	7.1	6.25	6.94	8.16	7.96	7.96
7.05	7.04	7.69	7.04	6.84	5.73	6.84	6.84
8.07	8.23	7.55	8.39	7.41	7.83	8.01	8.01
7.08	6.98	6.46	6.88	6.38	4.36	5.64	5.64
6.44	6.86	7.52	7.28	6.67	6.2	6.82	6.82
7.31	7.83	8.53	8.35	7.47	7.61	7.8	7.8
8.32	8.55	7.08	8.78	7.46	7.71	7.82	7.82
8.85	8.82	6.08	8.78	7.37	8.43	7.83	7.83
6.46	6.94	6.5	7.43	7	5.94	6.42	6.42
10.38	10	8.53	9.62	9.14	8.26	10.41	10.41
8.92	9.15	8.31	9.38	7.69	8.38	8.23	8.23
6.85	7.18	7.23	7.51	7.41	6.57	7.64	7.64
6.23	6.44	8.61	6.65	7.37	7.19	7.78	7.78
7.67	7.42	12.15	7.16	7.63	7.14	9.27	9.27
5.37	6.39	12.19	7.41	6.04	7.58	7.17	7.17
7.73	8.31	9.4	8.89	6.75	7.72	8.39	8.39
6.66	7.46	9.25	8.25	7.22	6.78	7.02	7.02
8.54	8.57	9.64	8.6	8.52	6.83	8	8
7.37	8.01	6.89	8.65	7.97	8.3	8.65	8.65
6.08	7.42	7.68	8.76	8.05	8.26	9.42	9.42
6.42	7.13	12.22	7.83	8.14	6.19	7.98	7.98
4.73	6.29	13.15	7.86	8.76	6.14	9.09	9.09
8.58	8.97	9.13	9.36	8.13	8.59	8.96	8.96
9.32	9.37	9.6	9.42	7.72	8.2	8.87	8.87
8.73	8.7	8.29	8.68	6.86	7.77	7.47	7.47
7.62	7.98	7.13	8.35	6.33	5.66	6.23	6.23
10.44	8.36	10.62	6.29	7.14	6.36	7.19	7.19
8.66	7.81	12.33	6.96	7.88	6.71	7.52	7.52
11.07	10.99	12.96	10.91	9.66	7.26	8.69	8.69
9.44	9.97	11.35	10.51	9.09	7.93	9.42	9.42
5.17	6.97	8.43	8.78	6.35	6.6	7.39	7.39
7.31	8.2	8.77	9.08	6.13	6.48	6.21	6.21
8.82	8.49	8.67	8.17	8.04	7.72	8.7	8.7
9.94	9.99	9.88	10.03	8.66	9.89	10.31	10.31
8.31	8.5	8.51	8.7	7.51	9.5	9.52	9.52
6.2	7.16	9.61	8.12	6.2	6.58	7.05	7.05
6.36	6.64	12	6.91	7.41	5.91	7.03	7.03
6.93	7.21	9.4	7.49	7.15	5.84	6.53	6.53
8	7.68	9.55	7.36	6.99	5.36	6.56	6.56
7.77	8.1	8.43	8.43	7.1	8.32	8.34	8.34
7.64	8.37	7.09	9.09	7.12	5.87	6.83	6.83
7.15	7.89	12.75	8.62	8.07	5.94	6.4	6.4
7.89	7.63	11.58	7.38	7.12	5.76	6.77	6.77
7.45	7.66	10.39	7.86	6.62	5.33	6.45	6.45
5.17	6	11.1	6.83	7.07	5.7	5.93	5.93
8.06	8.91	10.89	9.77	7.57	6.9	7.36	7.36
8.93	8.8	8.89	8.66	8.34	6.98	8.77	8.77
6.98	6.91	9.39	6.85	6.86	6.37	7.49	7.49
8.06	8.4	9.97	8.74	8.82	6.78	8.59	8.59
8.66	8.48	7.98	8.31	7.32	7.92	7.74	7.74
8.72	8.5	10.2	8.27	6.68	6.27	6.63	6.63
7.36	8.22	8.52	9.07	7.78	5.82	7.64	7.64
5.71	7.32	9.04	8.93	7.93	6.77	7.41	7.41
6.64	7.19	9.09	7.74	7.92	6.6	7.66	7.66
9.35	8.37	11.53	7.38	6.76	6.58	6.74	6.74
6.2	6.79	13.96	7.38	7.16	8.33	8	8
8.69	8.43	13.05	8.16	8.33	7.01	7.77	7.77
7.45	7.28	11.58	7.11	6.56	5.86	6.81	6.81
9.81	9.57	10.37	9.34	8.37	8.06	8.41	8.41
8.2	8.19	8.72	8.19	6.32	7.68	6.95	6.95
8.36	8.08	8.97	7.81	7.25	6.34	6.74	6.74
7.87	7.5	7.95	7.13	7.02	5.19	6.58	6.58
9.69	7.76	13.59	5.82	8.19	6.68	9.07	9.07
10.33	8.23	13.66	6.13	8.23	5.54	7.25	7.25
7.19	7.66	10.62	8.13	8.12	5.94	7.13	7.13
6.39	6.79	7.75	7.2	6.93	8.41	8.54	8.54
6.52	6.73	9.09	6.94	6.54	7.99	7.49	7.49
6.63	6.66	8.29	6.69	7.59	6.52	7.39	7.39
7.43	8.18	10.03	8.93	7.23	6.65	7.78	7.78
7.64	7.87	8.92	8.11	7.61	7.13	9	9
8.32	9.47	9.53	10.63	7.6	7.58	9.18	9.18
7.82	8.78	11.18	9.75	7.5	7.47	8.42	8.42
7.68	8.74	8.26	9.79	7.43	8.46	8.61	8.61
8.15	7.98	8.42	7.81	6.93	7.49	8	8
7.5	6.77	9.26	6.03	7.38	5.4	7.03	7.03
8.7	7.44	9.95	6.17	7.94	6.9	7.44	7.44
6.05	7.09	9.25	8.12	7.4	7.19	7.19	7.19
10.8	8.91	11.9	7.01	6.91	8.3	8.03	8.03
8.78	7.59	14.1	6.41	7.84	7.22	7.59	7.59
7.87	7.89	9.58	7.91	5.8	6.4	7.44	7.44
8.34	8.43	9.96	8.51	7.62	8.05	7.84	7.84
7.69	8.02	7.15	8.34	6.38	7.48	7.77	7.77
8.03	8.25	7.73	8.46	6.7	7.9	7.47	7.47
7.36	7.81	8.41	8.27	7.68	5.92	7.18	7.18
5.13	6.61	8.21	8.1	6.19	5.98	6.69	6.69
6.27	5.87	8.56	5.47	5.82	3.91	5.76	5.76
7.75	7.13	11.13	6.5	8.17	5.39	8.06	8.06
6.43	7.73	10.03	9.03	8.52	8.96	9.94	9.94
5.76	6.42	8.42	7.09	6.6	4.58	5.7	5.7
5.94	6.29	8.24	6.64	7.12	6.79	7.22	7.22
7.05	7.5	7.89	7.95	5.81	4.31	5.15	5.15
6.21	7.3	7.38	8.38	7.11	5.48	7.16	7.16
6.03	7.07	8.39	8.11	7.33	5.18	6.69	6.69
7.52	7.54	8.09	7.55	7.17	5.5	6.56	6.56
6.92	7.24	7.28	7.56	6.53	5.4	5.9	5.9
6.2	6.82	8.9	7.44	7.25	6.13	8.17	8.17
5.72	5.9	6.2	6.08	5.89	4.31	5.68	5.68
6.34	6.66	7.54	6.97	6.25	5.16	5.46	5.46
5.75	6.01	7.79	6.26	5.76	5.41	6.17	6.17
6.42	6.17	6.9	5.91	6.02	6.09	7.1	7.1
6.91	6.8	8.54	6.69	6.33	6.52	5.84	5.84
6.5	7.17	8.66	7.84	6.59	5.3	6.26	6.26
5.37	5.41	9.1	5.45	5.61	3.9	5.24	5.24
5.67	5.93	7.87	6.19	6.44	4.8	6.1	6.1
6.94	7.18	8.64	7.41	7.04	7.12	8.48	8.48
5.58	5.84	8.12	6.09	5.82	5.13	5.54	5.54
5.61	6.07	6.99	6.52	5.84	4.87	5.52	5.52
6.3	6.08	5.82	5.86	6.08	3.58	5.5	5.5
5.91	6.09	4.64	6.27	5.01	3.12	4.84	4.84
7.19	7.25	7.72	7.3	6.13	6.18	7.05	7.05
6.16	6.15	5.3	6.14	5.28	3.08	4.82	4.82
5.92	6.03	5.91	6.15	5.6	3.67	5.03	5.03
4.94	4.68	5.52	4.42	5.67	3.42	5.57	5.57
5.49	5.11	8.02	4.74	6.52	4.55	6.41	6.41
4.3	4.6	7.53	4.89	6.13	3.81	6.46	6.46
5.39	5.78	5.62	6.18	5.25	3.96	4.69	4.69
5.43	5.56	6.4	5.7	5.03	4.03	4.77	4.77
3.42	4.85	3.49	6.27	4	4.14	4.05	4.05
5.69	5.39	6.01	5.08	4.33	3.83	4.01	4.01
6.08	5.95	6.32	5.83	5.4	4.26	5.11	5.11
6.2	5.21	6.3	4.23	7.01	7.55	8.06	8.06
6.63	6.17	6.78	5.7	4.51	3.9	5.75	5.75
4.7	4.66	7.98	4.61	4.53	4.26	5.31	5.31
5.21	5.24	4.78	5.26	4.56	4.01	4.11	4.11
3.97	3.9	4.45	3.83	4.18	2.53	3.13	3.13
3.25	3.23	5.4	3.21	4.67	3.78	3.53	3.53
4.89	4.53	4.41	4.17	4.12	3.59	3.93	3.93
5.56	5.24	4.8	4.93	5.38	3.57	4.36	4.36
5.57	5.29	5.52	5.02	4.4	4.38	4.3	4.3
5.46	5.45	5.76	5.44	4.64	3.43	3.97	3.97
6.63	6.84	5.49	7.05	5.19	5.7	5.68	5.68
7.36	6.82	5.6	6.27	5.5	5.32	4.88	4.88
5.71	5.12	3.81	4.53	4.64	3.38	3.95	3.95
2.14	3.49	4.78	4.85	4.86	4.73	5.1	5.1
3.24	3.11	2.73	2.98	3.35	4.69	4.17	4.17
3.65	3.26	3.79	2.86	3.86	2.81	3.72	3.72
2.57	2.25	5.01	1.93	2.97	2.58	3.16	3.16
3.09	3.19	4.32	3.29	3.8	2.48	3.11	3.11
4.07	4.16	4.59	4.26	2.93	1.98	2.67	2.67
3.96	4.42	4.23	4.88	3.43	1.91	2.69	2.69
4.78	5.02	4.73	5.25	3.55	3.2	3.84	3.84
2.76	2.5	3.16	2.24	3.03	1.93	3.02	3.02
3.1	3.62	4.22	4.15	3.35	3.88	4.08	4.08
2.75	3.7	3.63	4.66	3.83	4.19	4.24	4.24
2.42	2.2	2.58	1.99	3.06	1.53	2.93	2.93
3.11	3.77	4.91	4.44	3.41	3.32	3.61	3.61
2.93	3.5	2.19	4.07	3.05	3.17	3.21	3.21
3.91	3.91	3.43	3.92	3.87	5.28	4.44	4.44
2.78	3	3.55	3.21	2.87	2.77	2.77	2.77
2.98	2.68	2.32	2.38	2.78	4.25	3.34	3.34
2.55	2.77	2.88	2.99	2.59	1.66	2.17	2.17
2.45	2.52	3.44	2.6	2.85	1.53	2.28	2.28
3.35	2.94	3.74	2.53	2.9	3.3	3.1	3.1
3.35	3.11	1.95	2.87	2.93	2.63	3.09	3.09
4.38	4.2	3.09	4.03	3.69	1.5	3.21	3.21
2.93	3.36	2.88	3.78	3.15	4.48	3.88	3.88
2.21	2.24	1.91	2.26	1.77	1.92	1.97	1.97
1.18	1.59	1.57	2	1.69	1.59	2.02	2.02
1.29	1.69	1.17	2.09	1.67	2.52	2.16	2.16
2.05	2.27	1.7	2.48	1.51	1.84	1.73	1.73
1.77	1.86	1.52	1.96	1.61	1.56	1.71	1.71
1.76	1.91	2.28	2.07	1.86	1.4	1.57	1.57
1.24	1.9	1.11	2.57	1.87	1.32	2.02	2.02
0.94	0.96	1.29	0.98	1.03	1.04	1.05	1.05
2.21	2.24	4.59	2.26	2.17	1.5	1.95	1.95
1.32	1.62	1.97	1.92	1.57	1.37	1.73	1.73
1.94	1.81	1.98	1.68	1.71	1.4	1.64	1.64
2.42	1.99	2.33	1.55	1.61	1.33	1.43	1.43
3.35	3	3.09	2.65	2.5	1.22	1.86	1.86
1.89	2.25	1.61	2.62	1.98	1.94	1.69	1.69
1.56	1.77	1.59	1.97	1.47	2.29	2.01	2.01
2.06	1.97	2.28	1.89	1.42	1.19	1.49	1.49
1.76	1.54	3.69	1.32	1.26	1.19	1.33	1.33
1.53	2.11	4.5	2.69	1.53	1.47	2.02	2.02
1.97	3.13	4.93	4.29	2.22	2.34	2.57	2.57
2.84	3.9	5.08	4.96	2.62	2.17	3.16	3.16
1.68	3.12	4.95	4.57	2.71	0.94	2.65	2.65
1.42	1.32	5.81	1.23	1.53	1.34	1.73	1.73
0.81	1.15	2.08	1.5	1.49	1.32	1.84	1.84
1.01	1.39	0.76	1.76	1.5	0.9	1.31	1.31
0.79	0.91	0.7	1.03	1.67	0.88	1.81	1.81
1.99	2.42	2.21	2.86	2.81	1.4	2.32	2.32
1.01	1.35	1.16	1.7	0.98	1.32	1.37	1.37
1.07	1.05	1.94	1.04	0.81	0.89	0.96	0.96
0.84	1.18	1.4	1.52	1.01	0.89	1.02	1.02
0.93	1.28	1.36	1.63	0.96	1.02	1.04	1.04
0.91	1.23	1.9	1.56	1.43	0.84	1.62	1.62
0.73	1.19	1.1	1.65	1.5	0.62	1.67	1.67
0.75	1.01	0.97	1.27	0.8	0.92	0.89	0.89
1.44	1.57	2.81	1.7	0.81	0.89	0.99	0.99
1.13	1.36	3.21	1.6	0.96	1.22	1.37	1.37
0.85	1.42	1.31	1.99	1.17	0.85	1.4	1.4
0.75	1.19	0.76	1.62	1.13	1.19	1.4	1.4
1.17	1.01	0.81	0.85	1.22	0.83	1.08	1.08
1.77	1.72	1.07	1.67	1.11	1.1	0.98	0.98
2.85	2.45	1.18	2.05	1.61	1.26	1.44	1.44
2.07	2.11	1.24	2.14	1.82	1.76	2.04	2.04
2.46	1.97	1.5	1.48	1.14	1.61	1.52	1.52
1.7	1.45	1.01	1.19	1.06	1.26	1.24	1.24
1.63	1.29	0.51	0.95	1	0.91	1	1
0.73	0.69	0.8	0.64	0.67	0.83	0.8	0.8
0.52	0.59	0.48	0.66	0.7	1.2	1.26	1.26
0.6	0.63	0.38	0.67	0.65	0.86	0.86	0.86
0.74	0.87	0.59	1.01	0.96	1.17	1.1	1.1
1.29	1.12	0.78	0.94	0.87	0.71	0.76	0.76
0.88	1.02	0.62	1.17	0.73	0.89	0.96	0.96
1.66	1.59	1.17	1.51	0.93	1.31	1.1	1.1
1.52	1.57	1.25	1.61	1.43	1.79	1.68	1.68
2.08	1.62	1.28	1.16	1.21	1.24	1.08	1.08
0.95	1.15	0.63	1.35	0.74	0.8	0.73	0.73
0.59	0.8	0.56	1.02	0.71	0.64	0.69	0.69
1.13	0.93	0.57	0.72	0.96	0.98	0.95	0.95
1.23	0.99	0.47	0.75	0.68	0.96	0.78	0.78
1.13	1.08	0.56	1.03	0.74	0.57	0.64	0.64
0.89	0.75	0.53	0.62	0.65	0.62	0.63	0.63
0.54	0.63	0.5	0.72	0.82	0.64	0.75	0.75
0.97	1.4	0.87	1.84	1.09	1.72	1.48	1.48
0.56	0.67	0.57	0.79	1.07	0.61	0.8	0.8
0.53	0.59	0.56	0.65	0.76	1.15	0.96	0.96
0.79	0.89	1.46	0.99	1.37	0.7	1.31	1.31
0.98	0.77	1.42	0.55	1.33	0.71	1.32	1.32
1.91	2.05	2.45	2.19	2.5	1.71	2.29	2.29
0.57	0.57	0.55	0.56	0.73	0.61	0.79	0.79
0.95	0.79	0.58	0.64	0.8	0.64	0.63	0.63
1.47	1.32	0.68	1.16	1.45	1.04	1.15	1.15
1.45	1.45	1.39	1.45	1.44	0.81	1.28	1.28
0.73	1.07	2.09	1.41	1.84	0.89	1.8	1.8
0.75	0.85	2.53	0.94	1.77	1.59	2.13	2.13
2.18	1.62	2.77	1.06	1.85	0.84	1.65	1.65
0.72	0.96	2.95	1.19	1.76	0.81	1.7	1.7
0.67	1	2.47	1.32	1.8	0.84	1.67	1.67
2.75	2.37	3.58	1.99	3	1.9	2.71	2.71
3.83	3.97	3.32	4.11	4.05	3.26	4.17	4.17
2.62	2.46	0.62	2.31	2.07	1.91	1.91	1.91
0.87	0.8	0.77	0.73	0.82	1.12	0.96	0.96
0.71	0.88	1.57	1.05	0.83	1.41	1.29	1.29
0.75	1.06	1.3	1.37	0.81	1.02	1.08	1.08
0.68	0.74	1.36	0.8	0.65	0.76	0.73	0.73
0.64	0.78	0.67	0.93	0.86	1.15	1.22	1.22
0.54	0.55	0.56	0.57	0.68	0.55	0.67	0.67
0.67	0.68	0.59	0.69	0.77	0.83	0.92	0.92
0.5	0.73	1.43	0.95	0.87	1.02	1.18	1.18
0.5	0.6	1	0.71	1	1.04	1.36	1.36
0.65	1.01	1.57	1.38	1.06	1.4	1.62	1.62
0.66	1.02	1.65	1.38	1.01	1.04	1.39	1.39
0.5	1.37	1.74	2.23	1.55	1.95	2.3	2.3
1.09	1.28	0.64	1.47	1.09	1.45	1.32	1.32
1.21	1.46	1.15	1.72	1.28	1.51	1.31	1.31
0.97	1.47	0.8	1.97	1.3	1.53	1.58	1.58
0.96	1.22	1.42	1.49	1.88	1.15	1.8	1.8
0.9	1.17	1.86	1.44	1.86	1.62	1.86	1.86
1.29	1.74	2.29	2.19	2.63	1.12	2.33	2.33
1.95	3.34	2.51	4.72	3.22	2.92	3.42	3.42
0.93	1.58	1.46	2.24	1.65	1.31	1.47	1.47
0.91	1.28	0.77	1.66	1.14	1.35	1.37	1.37
0.95	1.31	0.91	1.67	1.47	1.3	1.65	1.65
0.65	1.09	0.81	1.52	1.65	1.18	2.23	2.23
0.89	1.67	2.19	2.45	1.89	2.12	2.8	2.8
2.25	2.87	3.13	3.48	2.43	3.38	2.85	2.85
1.96	2.21	2	2.46	1.64	1.62	1.84	1.84
2.15	1.74	1.14	1.33	1.46	1.96	1.65	1.65
1.43	1.65	2.5	1.86	1.9	1.3	2.04	2.04
0.65	1.05	0.77	1.45	1.49	1.03	1.75	1.75
1.98	2.24	1.65	2.49	1.77	1.95	1.85	1.85
1.47	1.45	1.02	1.44	1.07	1.53	1.39	1.39
1.6	1.38	0.75	1.15	1.26	1.44	1.31	1.31
1.17	1.44	1.45	1.71	1.28	2.07	1.77	1.77
0.97	1.12	0.94	1.27	1.48	1.14	1.56	1.56
2.74	2.73	1.18	2.72	2.32	2.61	2.77	2.77
1.99	2.05	0.92	2.1	1.68	2.12	2.01	2.01
2.49	2.48	0.85	2.48	2.21	2.16	2.28	2.28
2.83	2.89	0.94	2.95	2.27	2.43	2.3	2.3
1.98	2.08	0.87	2.19	2.02	1.66	1.84	1.84
2.05	2.69	2.91	3.34	3.01	2.63	3.15	3.15
1.62	2.04	1.34	2.46	1.78	3.11	2.47	2.47
2.49	2.24	1.01	1.99	1.64	2.45	1.95	1.95
1.78	2.04	1.45	2.29	1.66	2.28	2.01	2.01
1.79	2.08	2.21	2.38	1.67	1.71	1.91	1.91
1.94	2.23	2.65	2.51	2.02	1.55	2.12	2.12
1.89	2.18	3.09	2.47	2.2	1.63	2.52	2.52
2.32	3.26	2.5	4.21	3.41	3.32	3.49	3.49
1.78	3.06	1.99	4.34	3.4	3.44	3.96	3.96
2.46	3.02	3.25	3.59	2.84	3.11	3.48	3.48
2.61	3.41	2.94	4.22	4.18	2.12	3.54	3.54
3.03	3.42	2.37	3.82	2.26	2.33	2.4	2.4
2.13	2.42	2.95	2.72	2.17	2.19	2.38	2.38
2.03	2.96	4.33	3.89	3.14	3.18	3.82	3.82
3.33	3.78	3.65	4.24	3.93	4.05	4.25	4.25
3.88	4.37	3.5	4.87	4.24	4.35	4.03	4.03
4.1	4.37	3.03	4.65	3.37	3.28	3.37	3.37
2.73	2.34	1	1.94	1.95	2.74	2.14	2.14
3.01	3.11	2.63	3.22	2.54	1.98	2.17	2.17
2.4	2.86	3.48	3.33	2.93	2.59	3.04	3.04
3.14	3.47	4.2	3.8	3.53	2.95	3.64	3.64
1.77	1.59	1.65	1.42	1.43	1.45	1.57	1.57
2.73	2.94	2.61	3.16	3	3.29	3.77	3.77
5.15	5.5	2.07	5.85	3.97	4.88	4.76	4.76
3.71	3.82	1.21	3.94	3.82	3.09	3.48	3.48
4.44	4.33	3.59	4.22	3.34	4.37	3.94	3.94
3.8	3.72	2.94	3.63	2.5	2.64	2.78	2.78
3.16	2.94	3.1	2.73	2.38	2.88	2.7	2.7
1.96	2.44	1.2	2.92	2.59	1.6	2.29	2.29
2.36	3.89	1.54	5.43	4.41	5.64	5.29	5.29
3.37	3.21	2.2	3.06	2.92	3.51	2.84	2.84
2.61	2.74	1.82	2.88	2.22	2.3	2.07	2.07
3.53	3.29	3.07	3.06	2.78	2.54	2.54	2.54
3.55	3.57	4.04	3.59	3.61	3.73	3.68	3.68
2.84	2.7	3.26	2.57	2.65	1.87	2.15	2.15
2.32	2.56	3.06	2.79	2.61	2.66	2.97	2.97
3.58	3.77	4.29	3.97	3.75	4.49	4.34	4.34
3.84	3.66	5.9	3.49	4.32	3.79	4.29	4.29
3.2	3.32	5.05	3.44	3.73	2.96	4.02	4.02
2.17	2.41	4.41	2.65	4.01	2.7	3.93	3.93
2.82	3.19	5.62	3.56	4.57	2.77	4.24	4.24
5.84	6.4	3.7	6.96	6.56	5.58	7.15	7.15
5.88	5.87	1.7	5.87	5.68	4.41	5.32	5.32
2.86	3.55	2.12	4.25	4.52	4.37	5.24	5.24
6.88	6.39	1.81	5.9	7.17	4.96	6.33	6.33
4.3	4.96	4.62	5.62	4.56	4.36	3.86	3.86
4.23	4.51	6.56	4.79	4.11	3.64	3.64	3.64
3.43	3.62	5.54	3.8	4.98	3.91	4.6	4.6
4.59	4.81	4.4	5.02	3.71	4.17	4.43	4.43
3.06	3.3	5.06	3.55	3.11	3.72	3.66	3.66
3.36	3.61	3.57	3.86	4.33	4.6	5.34	5.34
2.42	3.28	3.33	4.14	3.23	4.08	4.07	4.07
1.93	2.02	1.76	2.12	2.36	2.81	2.77	2.77
3.25	3.17	3.73	3.09	3.16	3.77	3.89	3.89
2.88	3.45	4.49	4.02	4.31	2.85	4.22	4.22
3.72	3.69	2.55	3.66	4.78	4.24	5.07	5.07
2.92	2.94	2.77	2.95	2.51	1.91	2.34	2.34
3.25	3.55	3.43	3.86	3.14	4.06	3.94	3.94
4.26	4.33	4.44	4.4	3.82	4.25	4.39	4.39
4.38	4.43	5.04	4.48	4.38	4.39	4.53	4.53
5.06	5.76	6.99	6.47	6.47	4.23	6.51	6.51
6.1	6.03	1.87	5.96	4.61	4.37	5.55	5.55
5.05	4.96	1.84	4.87	4.9	5.99	5.51	5.51
2.85	3.9	4.7	4.95	3.53	4.38	3.71	3.71
4	4.24	4.34	4.47	4.28	4.2	4.32	4.32
4.81	4.94	5.24	5.07	4.69	5.76	5.8	5.8
5.03	4.98	7.57	4.93	5.6	3.85	4.79	4.79
5.44	5.3	7.47	5.16	5.3	4.64	5.36	5.36
5.22	5.39	7.75	5.57	5.61	5.04	6.08	6.08
6.13	5.85	8.75	5.56	5.25	5.87	6	6
4.27	5.01	8.99	5.76	5.28	4.67	5.58	5.58
6	6.38	7.75	6.77	6.16	6.94	6.91	6.91
6.06	6.12	5.87	6.18	6.7	7.53	7.5	7.5
7.73	7.33	7.43	6.92	5.99	6.96	6.61	6.61
5.1	5.68	8.16	6.26	5.5	4.32	5.89	5.89
5.32	5.68	7.66	6.04	6.39	6.97	7.63	7.63
4.73	5.24	9	5.76	6.11	3.93	5.41	5.41
5.31	5.78	8.25	6.24	4.8	4.12	4.92	4.92
5.69	5.67	8.37	5.66	5.9	5.38	6.16	6.16
4.59	4.86	9.29	5.13	5.82	4.38	5.96	5.96
6.02	5.59	7.91	5.15	6.25	5.65	6.97	6.97
5.4	5.4	5.11	5.39	7.3	7.55	8.09	8.09
6.27	6.44	8.74	6.62	7.05	8.88	8.65	8.65
6.23	6.61	7.82	6.99	6.53	8.28	7.86	7.86
4.54	4.61	7.92	4.68	5.07	6.13	5.91	5.91
5.57	6.47	9.08	7.38	6.63	7.65	7.56	7.56
6.69	6.28	9.57	5.86	7.01	4.3	6.43	6.43
6.77	7.75	7.86	8.73	7.37	9.05	8.89	8.89
5.89	6.45	7.33	7.01	6.28	6.57	6.86	6.86
6.33	6.72	7.1	7.12	6.39	8.18	8.37	8.37
6.16	6.54	7.88	6.92	7.39	8.93	9.07	9.07
6.89	6.86	6.69	6.84	7.13	7.84	8.42	8.42
5.17	5.28	5.49	5.39	4.51	6	5.41	5.41
3.72	4.18	4.63	4.64	4.63	4.57	5.22	5.22
6.22	6.72	6.78	7.21	4.73	8.74	7.47	7.47
4.37	4.69	2.75	5	4.77	5.01	5.02	5.02
4.28	3.96	2.24	3.65	3.13	3.15	3.5	3.5
8.21	7.95	7.75	7.69	7.2	7.62	7.47	7.47
4.11	4.55	6.21	4.99	5.17	3.45	4.29	4.29
6.5	7.19	9.27	7.87	7.23	5.25	6.78	6.78
6.7	6.89	7.65	7.07	5.52	4.74	5.23	5.23
7.29	8.05	9.08	8.81	6.79	7.18	7.82	7.82
5.42	6.56	9.19	7.7	7.07	6.58	7.19	7.19
6.22	6.7	10.09	7.18	8.02	8.94	9.31	9.31
6.84	7.48	11.2	8.11	8.06	7.19	8.3	8.3
5.79	6.8	10.88	7.8	8.44	9.17	9.6	9.6
6.06	7.16	10.91	8.27	7.49	6.01	7.76	7.76
6.99	6.91	11.21	6.83	7.45	4.69	6.59	6.59
7	7.84	12.28	8.68	7.67	7.24	7.6	7.6
7.17	7.09	11.7	7.02	7.21	8.97	9.75	9.75
9.42	10.86	12.07	12.29	9.95	10.55	10.77	10.77
7.8	7.64	11.28	7.48	7.88	7.76	8.34	8.34
8.6	8.12	9.3	7.63	7.05	5.9	6.41	6.41
6.8	7.49	10.61	8.19	7.37	6.89	7.84	7.84
7.72	8.45	11.97	9.17	7.36	6.59	7.99	7.99
6.85	7.63	11.45	8.41	7.34	8.73	8.73	8.73
6.66	7.42	12.2	8.17	7.42	7.36	8.25	8.25
7.47	8.07	12.11	8.67	7.9	7.08	7.87	7.87
8.42	8.62	12.17	8.83	8.43	6.34	7.03	7.03
7.98	8.41	12.07	8.84	9.34	9.65	9.38	9.38
8.06	8.15	12.38	8.24	8.4	9.51	8.72	8.72
10.98	9.34	11.73	7.7	7.54	8.61	8.53	8.53
8.53	8.31	13.3	8.09	8.91	9.1	9.48	9.48
6.88	8.27	12.47	9.65	7.94	6.82	7.75	7.75
6.98	7.38	11.67	7.79	8.05	5.53	7	7
6.81	7.64	12.15	8.47	7.82	8.9	8.9	8.9
6.87	7.56	11.49	8.24	7.46	9	8.89	8.89
7.81	8.78	11.38	9.76	8.58	7.72	8.28	8.28
7.39	7.74	11.28	8.08	7.44	6.85	7.59	7.59
6.61	7	12.87	7.39	7.09	8.33	8.26	8.26
7.41	7.73	13.31	8.05	7.71	10.13	9.76	9.76
7.88	8.8	12.86	9.72	8.54	11.22	9.47	9.47
6.02	6.98	12.22	7.94	8.61	6.14	7.65	7.65
8.03	8.62	11.33	9.21	7.88	13.12	10.5	10.5
7.8	8.27	12.63	8.75	7.95	8.81	9.17	9.17
7.9	9.35	12.37	10.8	8.88	5.81	7.93	7.93
8.26	8.46	13.37	8.65	9.01	6.34	8.54	8.54
6.19	7.73	13.95	9.27	8.3	8.62	8.76	8.76
7.89	8.76	13.77	9.64	8.07	7.82	8.27	8.27
9.22	9.75	13.47	10.28	8.44	10.82	10.19	10.19
7.8	8.55	13.48	9.31	8.51	6.69	8.21	8.21
8.64	9.03	14.05	9.42	7.63	8.97	9.32	9.32
8.26	8.99	13.52	9.72	8.1	10.06	9.63	9.63
8.47	8.49	12.68	8.51	8.58	9.79	9.29	9.29
7.91	7.93	12.41	7.95	7.54	6.44	7.73	7.73
8.02	8.93	12.61	9.84	8.5	7.02	8.66	8.66
7.3	7.64	12.8	7.97	8.99	8.84	9.93	9.93
8.02	8.26	13.09	8.49	8.63	8.53	8.65	8.65
8.03	8.72	12.89	9.41	8.55	6.01	7.8	7.8
8.11	9.71	12.64	11.32	8.6	7.89	8.77	8.77
7.48	8.41	12.72	9.34	8.06	7.42	8.92	8.92
7.76	7.85	12.53	7.94	7.67	7.24	8.12	8.12
6.79	7.96	11.98	9.13	8.36	6.38	7.79	7.79
6.67	8.19	12.3	9.71	7.18	6.43	7.21	7.21
6.49	8.04	12.56	9.59	7.69	8.53	8.93	8.93
7.33	7.97	12.51	8.62	7.95	8.54	9.29	9.29
8.16	8.82	12.6	9.48	7.86	7.4	8.47	8.47
8.27	8.89	12.16	9.5	7.34	6.13	7.32	7.32
4.9	5.44	12.86	5.97	8	5.9	7.05	7.05
6.4	7.11	13.59	7.83	8.9	6.36	7.84	7.84
8.72	8.12	13.51	7.52	8.62	7.4	8.65	8.65
5.07	6.97	13.44	8.87	7.47	6.56	7.43	7.43
7.03	8.74	13.26	10.44	7.32	9.08	8.98	8.98
6.76	7.94	12.44	9.12	7.63	5.17	7.1	7.1
8.71	8.68	12.72	8.65	8.86	9.88	10.26	10.26
7.32	8.18	13.99	9.03	7.28	6.48	7.88	7.88
7.47	9.15	14.09	10.83	6.99	11.1	10.13	10.13
8.42	8.62	13.5	8.81	9.16	8.11	8.89	8.89
7.83	8.77	12.32	9.71	8.18	8.13	7.86	7.86
7.1	9.16	13.76	11.21	9.53	5.99	9.21	9.21
6.87	8.99	13.87	11.1	9.54	10.18	11.25	11.25
7.45	7.68	12.97	7.92	9.19	4.25	7.49	7.49
8.46	8.39	12.5	8.33	8.5	10.65	9.73	9.73
5.05	6.42	12.9	7.79	7.91	4.05	6.47	6.47
6.45	7.83	12.45	9.21	8.59	7.01	8.33	8.33
5.2	5.95	12.27	6.69	6.39	5.3	6.91	6.91
4.94	6.87	12.55	8.81	7.53	4.14	6.64	6.64
8.92	8.83	12.99	8.74	6.37	9.64	8.54	8.54
5.51	5.91	10.07	6.3	6.7	6.52	8.17	8.17
5.65	7.54	11.7	9.43	6.62	12.37	10.45	10.45
7.13	7.38	11.18	7.63	8.13	10.49	9.76	9.76
5.49	7.4	11.44	9.31	6.98	7.91	7.45	7.45
4.83	6.21	11.65	7.6	6.97	5.32	6.67	6.67
6.19	7.21	12.25	8.24	8.54	3.9	6.67	6.67
7.11	7.65	11.93	8.2	7.82	5.62	6.74	6.74
6.76	7.29	11.54	7.81	7.19	8.41	7.73	7.73
5.09	5.82	11.2	6.56	6.97	3.68	6.4	6.4
8.31	8.37	11.47	8.44	8.8	3.65	6.14	6.14
5.96	6.73	10.97	7.5	7.14	4.35	5.97	5.97
4.35	6.33	11.22	8.3	7.17	6.67	7.43	7.43
5.78	5.69	11.5	5.6	7.3	3.53	6.38	6.38
5.58	6.06	11.81	6.55	8.22	4.71	6.77	6.77
3.44	5.4	11.87	7.37	8.08	7.95	8.49	8.49
5.33	6.22	11.5	7.1	7.49	9.01	8.35	8.35
6.91	7.27	10.44	7.63	6.6	4.86	6.02	6.02
6.89	7.19	10.03	7.48	6.69	5.77	6.31	6.31
8.17	7.29	10.65	6.41	6.79	4.04	5.74	5.74
5.71	6.19	10.5	6.67	6.96	5.29	6.26	6.26
5.98	6.77	10.31	7.57	6.82	3.17	5.36	5.36
5.81	6.59	10.16	7.37	6.86	3.81	5.46	5.46
6.8	7.12	9.59	7.44	6.76	5.63	6.73	6.73
6.28	7.25	9.47	8.22	5.75	5.6	6.15	6.15
3.61	4.71	9.69	5.81	5.94	3.05	5.08	5.08
4.82	5.64	10.35	6.47	6.13	2.82	5.06	5.06
5.9	6.41	10.28	6.91	6.66	6.24	6.67	6.67
6.15	6.34	9.71	6.52	5.76	5.07	5.86	5.86
6.54	6.53	8.04	6.52	6.06	6.63	5.99	5.99
7.02	7.14	7.83	7.26	5.98	5.4	5.49	5.49
4.92	4.96	7.76	5	5.02	4.84	5.87	5.87
4.7	5.16	8.91	5.62	5.27	5.05	5.63	5.63
4.88	4.69	8.54	4.5	5.88	5.6	6.14	6.14
5.06	5.36	9.28	5.65	6.16	6.51	6.43	6.43
4.66	5.57	9.06	6.47	5.84	7.14	6.95	6.95
3.18	4.48	9.05	5.78	4.53	6.32	6.3	6.3
3.85	4.4	9.3	4.95	4.78	6.58	6.52	6.52
3.14	3.84	8.99	4.55	5.11	4.97	5.85	5.85
5.14	5.55	8.89	5.97	4.89	6.88	6.44	6.44
7.59	8.06	9.16	8.52	5.45	8.89	7.25	7.25
6.26	6.12	7.55	5.98	5.05	7.01	6.34	6.34
5.43	5.74	7.76	6.04	5.06	6.68	6.23	6.23
8.61	7.95	7.38	7.3	6	7.59	5.95	5.95
5.91	6.49	1.82	7.07	5.8	8.06	7.42	7.42
7.27	7.02	6.43	6.77	5.23	4.91	4.88	4.88
3.27	3.66	6.78	4.05	4.67	3.16	4.03	4.03
2.71	2.95	7.7	3.2	4.24	2.17	3.67	3.67
3.42	3.62	8.78	3.83	3.63	2.1	3.73	3.73
2.12	3.65	8.82	5.18	4.28	6.8	6.23	6.23
3.07	3.33	8.39	3.58	3.38	5.21	4.87	4.87
3.18	3.74	8.3	4.31	4.33	3.78	4.13	4.13
4.46	4.08	8.4	3.7	3.64	4.11	4.21	4.21
4.05	4.23	7.1	4.41	3.84	5.66	5.75	5.75
3.21	3.6	7.95	3.98	4.12	1.76	3.26	3.26
2.63	3.35	6.59	4.07	4.41	4.23	4.28	4.28
2.18	2.86	7.66	3.55	3.65	3.27	3.96	3.96
3.82	3.4	7.56	2.99	3.44	6.6	5.56	5.56
5.75	4.94	4.48	4.12	4.86	4.78	4.8	4.8
4.83	4.31	3.63	3.79	3.12	4.08	3.79	3.79
3.67	3.39	5.27	3.12	3.4	3.4	3.79	3.79
3.87	3.48	5.73	3.1	3.83	3.81	3.97	3.97
4.62	4.71	6.35	4.8	3.53	4.08	4.06	4.06
2.59	2.97	6.2	3.34	4.23	3.16	4.29	4.29
1.91	2.28	6.54	2.64	3.76	3.45	3.75	3.75
3.33	4.21	6.88	5.09	4.26	2.25	3.72	3.72
4.41	4.74	6.37	5.06	4.23	3.36	3.91	3.91
5.46	4.97	6.48	4.48	4.34	3.54	4.01	4.01
5.74	5.8	5.74	5.86	5.3	6	5.61	5.61
7.42	6.35	4.67	5.28	4.76	6.24	5.27	5.27
6.06	5.49	1.05	4.92	3.9	4.52	4.02	4.02
1.27	1.29	1.11	1.32	2.39	2.66	2.1	2.1
2.75	2.8	4.21	2.84	2.72	2.51	2.48	2.48
2.63	2.92	4.25	3.21	2.85	1.89	2.25	2.25
2.52	2.66	4.7	2.79	2.66	2.36	2.66	2.66
2.14	2.16	4.72	2.17	2.53	2.41	2.9	2.9
1.3	2.13	5.63	2.95	2.31	2.2	2.44	2.44
1.23	1.94	2.64	2.64	2.71	1.33	2.34	2.34
1.22	1.97	5.64	2.72	3.26	1.31	2.64	2.64
2.7	2.5	4.95	2.29	2.41	3.11	3.23	3.23
1.04	1.83	3.79	2.62	3.01	1.58	2.8	2.8
2.61	2.85	1.38	3.09	3.42	3.2	3.38	3.38
2.23	2.39	0.91	2.55	2.61	2.88	2.75	2.75
1.43	1.37	1.09	1.31	1.83	1.01	1.39	1.39
0.98	1.41	2.03	1.85	1.62	1.28	1.59	1.59
2.18	2.31	2.42	2.43	1.87	1.38	1.54	1.54
2.6	2.33	1.55	2.07	2.18	1.5	1.72	1.72
1.81	1.62	2.83	1.43	1.6	1.37	1.9	1.9
0.92	1.24	2.78	1.55	1.9	0.94	1.91	1.91
0.88	1.29	3.12	1.71	2.05	0.97	1.84	1.84
1.44	1.38	3.41	1.33	2.04	0.93	1.55	1.55
2.76	2.33	3.23	1.9	2.73	1.32	1.86	1.86
3.24	2.82	1.71	2.4	2.29	2.63	2.48	2.48
3.61	3.13	2.99	2.66	2.07	0.92	1.45	1.45
1.63	1.64	3.1	1.64	1.55	1.67	1.91	1.91
0.76	1.46	3.62	2.16	2.06	1.24	2.15	2.15
0.75	1.86	3.28	2.97	2.16	1.96	2.81	2.81
0.73	2.09	2.29	3.46	2.05	1.59	2.37	2.37
0.7	1.83	0.97	2.96	1.67	1.57	1.55	1.55
1.55	1.67	0.72	1.79	1.71	1.07	1.15	1.15
1.06	1.14	0.93	1.23	1.29	1.06	1.15	1.15
0.86	0.76	0.65	0.66	0.93	0.8	0.82	0.82
0.71	0.71	0.8	0.72	1.14	1.53	1.35	1.35
0.84	0.83	0.9	0.82	1.16	1.06	1.07	1.07
0.69	1.12	1.23	1.55	0.81	0.95	1.05	1.05
0.73	0.66	0.61	0.59	0.71	0.77	0.73	0.73
0.78	1.09	0.75	1.4	0.98	0.96	1.05	1.05
0.85	1.32	1.27	1.8	1.3	1.17	1.18	1.18
0.77	0.78	0.53	0.79	0.92	0.81	0.76	0.76
1.35	1.3	0.62	1.24	1.07	1.38	1.18	1.18
0.74	0.85	1.3	0.96	1.45	0.81	1.13	1.13
0.65	0.73	1.9	0.81	1.23	0.78	1.2	1.2
0.83	0.91	1.65	0.99	1.08	0.75	1.03	1.03
2.16	1.95	1.78	1.73	1.79	1.8	2.1	2.1
1.92	1.97	2.17	2.02	1.46	1.51	1.86	1.86
1.01	1.27	2.31	1.53	1.05	0.92	1.21	1.21
0.56	0.69	1.72	0.82	0.91	0.65	1.15	1.15
0.65	0.89	0.52	1.13	2.71	1.09	2.15	2.15
0.81	0.89	0.59	0.97	1.38	1.06	1.22	1.22
1.76	1.68	1.68	1.59	1.6	1	1.64	1.64
1.84	1.87	0.83	1.9	1.99	0.91	1.34	1.34
2.83	2.44	1.49	2.06	1.92	1.74	1.61	1.61
2.23	2.08	1.02	1.93	1.58	2.17	1.53	1.53
0.77	0.85	1.27	0.93	1.09	0.65	0.95	0.95
0.57	0.93	1.62	1.29	1.11	1.75	1.87	1.87
0.46	0.68	0.47	0.9	0.8	0.75	0.87	0.87
1.03	1.24	1.42	1.45	1.13	1.11	1.08	1.08
0.69	0.97	1.38	1.26	1.33	0.78	1.29	1.29
0.73	1.53	0.79	2.32	2.13	1.23	2.22	2.22
0.72	0.95	0.65	1.18	0.91	0.64	0.72	0.72
0.85	1.16	1.43	1.47	1.12	0.69	0.93	0.93
0.65	0.84	1.62	1.03	0.97	1.18	1.2	1.2
0.85	1	1.69	1.15	0.9	1.27	1.23	1.23
0.71	1.07	1.65	1.43	0.96	0.65	1.24	1.24
0.53	1.04	0.52	1.55	1.19	1.26	1.79	1.79
1.17	1.37	0.76	1.56	1.47	1.71	1.82	1.82
0.71	1.09	1.37	1.48	1.21	0.75	0.83	0.83
0.53	0.82	1	1.11	1.17	0.75	1.19	1.19
0.84	1.24	1.21	1.64	1.84	0.95	1.43	1.43
2.03	1.74	0.89	1.45	1.46	1.51	1.53	1.53
0.86	1.13	0.91	1.41	0.88	0.68	0.79	0.79
1.9	1.93	1.27	1.96	1.75	1.21	1.32	1.32
1.99	1.61	1.24	1.23	1.59	1.07	1.12	1.12
1.35	1.22	1.3	1.09	1.48	0.7	1.11	1.11
0.79	1.38	0.87	1.98	1.6	1.9	1.7	1.7
1.58	1.99	1.78	2.41	2.14	1.42	1.48	1.48
1.68	1.81	2.16	1.94	1.87	2.17	1.82	1.82
1.35	1.31	0.9	1.27	1.33	1.17	1.06	1.06
1.08	0.94	0.71	0.8	0.98	0.89	0.87	0.87
1.32	1.2	0.75	1.09	1.18	1.1	1.17	1.17
0.63	0.92	0.82	1.21	1.04	1.49	1.4	1.4
1.23	1.41	1.48	1.58	1.34	1.51	1.53	1.53
1.28	1.32	1.15	1.37	1.51	0.93	1.19	1.19
0.8	0.97	2.02	1.14	1.25	1.26	1.57	1.57
0.91	1.19	1.05	1.46	1.61	1.45	1.75	1.75
1.09	1.54	1.48	1.99	2.21	1.75	2.13	2.13
1.77	1.8	0.96	1.82	2.01	2.41	2.24	2.24
1.13	0.93	0.78	0.73	1.39	1	1.1	1.1
1.03	1.42	1.09	1.82	1.64	1.52	1.56	1.56
0.65	0.7	0.66	0.75	0.92	1.14	1.06	1.06
1.2	1.46	1.11	1.73	1.13	1.77	1.42	1.42
0.98	0.95	0.98	0.92	1	0.93	1.05	1.05
0.87	1.2	1.65	1.52	1.21	1.06	1.32	1.32
0.97	1.27	0.97	1.58	1.46	1.09	1.57	1.57
1.17	1.24	1.07	1.31	1.51	2.04	1.95	1.95
1.71	2.2	2.16	2.68	2.45	2.67	2.54	2.54
0.8	0.82	0.69	0.85	1.02	1.27	1.11	1.11
0.91	1.06	0.97	1.22	1.52	1.87	1.74	1.74
1.48	1.55	1.58	1.62	1.34	1.71	1.57	1.57
1.41	1.21	1.01	1.01	1.88	2.34	2.26	2.26
1.58	2.09	1.33	2.59	1.35	1.75	1.58	1.58
1.6	1.36	1.01	1.11	0.86	0.89	0.82	0.82
1.52	1.81	1.78	2.09	1.54	1.16	1.47	1.47
1.4	1.73	1.86	2.07	1.82	1.77	1.85	1.85
1.5	1.98	1.91	2.46	3.21	1.46	2.33	2.33
3.58	3.39	2.81	3.19	3.45	3.09	3.09	3.09
3.24	2.45	1.32	1.65	2.03	2.02	1.72	1.72
2.52	2.72	2.26	2.93	3.22	2.52	2.8	2.8
3.23	4.06	3.28	4.88	3.27	4.3	4.07	4.07
4.65	4.11	3.24	3.57	3.16	4.59	3.61	3.61
2.21	2.14	1.04	2.07	1.56	2.34	1.99	1.99
2.55	2.27	1.33	1.99	1.96	2	1.96	1.96
1.89	1.91	2.05	1.93	2.06	1.85	2.07	2.07
2.84	2.96	2.53	3.07	2.46	2.4	2.57	2.57
2.49	2.53	2.26	2.56	2.23	1.93	2.06	2.06
2.28	2.11	2.06	1.94	1.91	2.73	2.31	2.31
3.89	4.21	2.46	4.53	3.82	3.81	3.56	3.56
3.02	2.59	1.46	2.15	2.43	3.98	2.64	2.64
2.63	2.47	1.86	2.31	2.25	2.31	2.46	2.46
3.03	3.06	2.34	3.09	2.5	1.94	2.22	2.22
2.61	2.65	2.35	2.69	3	2.19	2.72	2.72
2.64	2.67	2.65	2.69	2.76	2.4	2.8	2.8
2.33	3	3.32	3.67	2.83	1.83	2.64	2.64
1.59	1.89	2.55	2.18	2.89	1.81	3.03	3.03
2.93	3.04	3.9	3.16	3.14	1.85	3.03	3.03
4.14	3.71	2.58	3.29	3.45	3.71	3.66	3.66
3.92	3.82	3.33	3.72	3.71	2.64	3.41	3.41
3.3	2.63	2.9	1.96	3.33	2.69	3.64	3.64
5.65	5.16	4.78	4.67	5.4	4.2	5.22	5.22
8.5	8.36	7.52	8.23	8.04	8.28	8.31	8.31
7.49	7.27	4.98	7.05	6.22	8.95	7.33	7.33
5.83	5.3	4.42	4.77	4.36	5.52	4.54	4.54
3.34	3.02	3.99	2.71	3.78	1.91	2.84	2.84
3.41	3.78	4.07	4.15	4.21	2.38	3.19	3.19
4.09	4.09	3.79	4.09	4.01	3.67	3.68	3.68
4.36	4.09	3.58	3.82	2.87	2.07	2.46	2.46
4.13	4.58	3.44	5.03	3.53	3.23	3.29	3.29
3.71	3.42	3.68	3.13	3.45	4.13	3.61	3.61
2.09	2.2	3.43	2.3	1.69	3.13	2.74	2.74
1.92	2.19	2.62	2.46	2.08	2.68	2.68	2.68
2.35	2.62	3.08	2.9	2.56	2.05	2.46	2.46
3.21	2.78	3.56	2.34	3.32	2.96	3.42	3.42
1.87	2.28	2.47	2.68	1.64	1.71	1.99	1.99
2.27	2.38	2.82	2.5	1.78	2.47	2.28	2.28
2.76	2.76	4.42	2.76	2.7	3.23	3.06	3.06
3.12	3.25	3.76	3.38	3.16	2.47	3.21	3.21
2.45	3.07	2.74	3.7	3.3	2.56	3.17	3.17
3.35	3.14	3.15	2.93	3.9	2.65	3.81	3.81
3.47	3.62	3.53	3.77	4.2	2.52	3.47	3.47
3.52	4.14	4.99	4.76	4.35	2.66	4.06	4.06
3.05	3.18	3.35	3.31	3.21	2.27	3.4	3.4
3.59	3.74	4.1	3.89	4.33	3.27	4.31	4.31
4.5	4.29	3.7	4.09	4.43	2.66	3.93	3.93
4.84	4.64	4.35	4.43	4.56	3.7	4.28	4.28
1.62	1.74	1.4	1.87	2.21	4.86	3.62	3.62
2.28	2.15	2.38	2.02	2.31	3.74	3.45	3.45
2.72	2.98	2.76	3.23	3.39	2.73	3.57	3.57
4.22	4.26	4.99	4.29	3.85	2.89	3.68	3.68
2.47	2.34	2.43	2.22	2.29	2.12	2.17	2.17
4.75	4.34	3.45	3.92	3.35	2.95	3.16	3.16
3.55	3.18	3.79	2.8	3.47	2.62	3.14	3.14
2.62	2.78	3.18	2.93	3.24	3.36	3.45	3.45
2.87	3.2	4.06	3.53	3.53	3.64	3.93	3.93
3.76	3.96	6.27	4.16	3.81	3.12	3.64	3.64
3.91	3.99	6.04	4.06	4.15	4.44	4.14	4.14
3.36	3.75	6.57	4.14	3.4	3.58	3.97	3.97
3.26	3.76	5.09	4.26	3.62	3.5	3.57	3.57
3.84	4.11	4.65	4.37	3.38	3.25	3.36	3.36
3.85	3.87	4.82	3.9	4.59	4.16	4.56	4.56
5.59	5.33	5.19	5.06	5.21	4.31	4.7	4.7
3.77	4.04	3.12	4.3	4.26	4.89	4.84	4.84
2.29	2.31	2.75	2.34	2.71	3.65	3.17	3.17
3.38	3.38	3.18	3.38	3.15	2.7	3.15	3.15
3.42	3.56	2.79	3.69	3.73	3.54	3.96	3.96
2.25	2.65	4	3.05	3.48	3.47	3.53	3.53
4.04	3.97	4.09	3.9	4.18	2.92	3.72	3.72
5.18	5.56	3.94	5.94	5.55	5.72	5.93	5.93
3.82	4.1	3.28	4.38	3.84	3.43	3.58	3.58
4.21	4.35	4.61	4.49	3.44	2.91	3.35	3.35
4.51	4.74	4.44	4.98	3.88	3.69	3.83	3.83
4.26	4.31	4.72	4.36	4.64	4.23	4.44	4.44
4.23	4.33	4.71	4.44	4.96	3.88	4.59	4.59
4.16	4.12	4.33	4.08	5.02	4.32	5.14	5.14
3.71	4.16	4.56	4.6	5.34	3.65	4.95	4.95
3.5	4.03	3.73	4.56	5.24	5.07	5.44	5.44
2.85	2.94	2.62	3.02	3.69	3.34	3.59	3.59
4.81	4.6	4.38	4.39	4.99	4.5	4.77	4.77
2.42	2.55	3.34	2.69	3.21	4.44	4.13	4.13
3.84	3.64	4.7	3.44	3.83	3.27	3.35	3.35
4.36	4.16	4.2	3.96	4.48	4.22	4.49	4.49
3.53	4.03	3.8	4.53	4.51	4.04	4.58	4.58
4.58	5.12	5.64	5.66	5.31	4.87	5.79	5.79
4.27	4.68	4.77	5.09	5.24	5.12	5.34	5.34
5.02	5.43	5.77	5.85	6.17	4.97	5.62	5.62
5.23	4.86	4.07	4.5	5.4	3.96	5.21	5.21
5.94	6.18	6.34	6.42	5.71	4.26	5.36	5.36
5.06	5.04	4.11	5.01	5.22	4.05	4.76	4.76
4.07	4.06	2.58	4.05	4.91	5.7	5.44	5.44
4.62	4.85	4.61	5.08	4.94	4.66	5.01	5.01
7.04	7.52	6.56	8.01	7.09	8.36	8.51	8.51
6.38	5.71	4.01	5.03	5.09	6.71	5.99	5.99
4.97	4.94	4.61	4.91	5.01	4.94	5.29	5.29
5.58	5.79	5.14	6	5.41	4.04	4.65	4.65
5.3	5.54	5.57	5.78	5.2	5.38	5.81	5.81
6.24	6.43	5.58	6.62	6.13	6.12	6.18	6.18
6.13	6.19	5.36	6.24	6.18	5.36	6.28	6.28
3.28	3.85	4.23	4.43	4.41	5.76	5.57	5.57
5.9	5.94	7.87	5.99	5.86	5.27	6.18	6.18
5.54	6.13	8.41	6.71	5.98	5.62	6.26	6.26
5.31	5.79	6.32	6.26	6.03	4.98	6.16	6.16
4.36	5.02	8.63	5.68	6.12	5.4	6.1	6.1
5	5.61	7.61	6.23	6.05	4.33	6.05	6.05
4.55	4.61	4.23	4.66	4.59	6.87	6.44	6.44
4.27	4.33	4.46	4.39	4.53	6.21	5.77	5.77
5.79	5.96	6.23	6.12	5.83	5.35	5.91	5.91
6.19	5.81	5.64	5.43	6.04	5.96	6.54	6.54
7.01	7.92	8.29	8.84	7.33	8.06	8.25	8.25
7.96	7.61	7.55	7.25	7.72	7.65	7.48	7.48
6.62	7.12	7.13	7.62	6.96	5.36	6.01	6.01
6.74	7.03	6.68	7.32	7.52	7.34	7.8	7.8
4.96	5.88	7.46	6.8	7.13	5.89	7.15	7.15
5.31	6.19	10.34	7.06	6.87	4.88	6.58	6.58
5.67	7.47	9.96	9.28	8.86	9.07	9.92	9.92
6.33	6.87	6.56	7.42	8.32	6.95	8.74	8.74
7.91	8.16	8.44	8.41	8.19	9.53	9.81	9.81
7.94	7.59	7.74	7.23	7.75	5.58	6.66	6.66
6.67	7.26	8.24	7.84	7.32	5.59	6.62	6.62
7.07	7.99	7.44	8.91	8.68	9.7	9.49	9.49
10.7	9.19	10.69	7.68	8.75	8.87	8.9	8.9
8.99	8.82	10.66	8.64	7.65	8.81	8.57	8.57
5.73	6.09	10.01	6.44	5.85	7.71	7.33	7.33
5.22	6.74	10.8	8.25	7.15	8.92	8.42	8.42
5.88	7.25	5.95	8.62	7.8	9.21	9.19	9.19
6.69	6.95	9.74	7.21	7.89	6.39	7.05	7.05
6.65	7.05	11.52	7.44	7.07	5.87	6.8	6.8
7.62	7.85	10.35	8.09	8.22	5.85	7.47	7.47
7.16	7.69	7.04	8.23	8.47	10.33	10.21	10.21
7.55	8.01	10.16	8.47	8.41	6.79	7.4	7.4
8.34	7.93	8.96	7.51	8.32	4.9	6.52	6.52
6.59	7.15	8.26	7.71	8.74	5.88	7.24	7.24
6.79	7.53	8.61	8.26	8.2	7.06	8.18	8.18
7.21	7.89	10.4	8.57	9.47	7.23	8.81	8.81
6.51	7.39	10.79	8.27	8.82	8.17	9.1	9.1
6.02	6	8.66	5.98	7.95	6.01	7.49	7.49
8.37	8.92	8.4	9.46	8.69	9.77	9.07	9.07
8.3	7.87	10.28	7.43	7.48	5.33	6.34	6.34
7.68	7.82	12	7.96	8.34	8.38	8.47	8.47
6.65	6.88	8.93	7.12	8.07	7.63	8.15	8.15
6.86	7.83	12.29	8.79	8.08	7.93	7.57	7.57
8.17	8.8	9.67	9.43	9.28	9.48	9.56	9.56
7.43	8.28	8.68	9.13	9.79	6.81	7.93	7.93
7.09	7.32	12.36	7.55	7.99	8.13	8.25	8.25
7.64	8.38	13.64	9.11	8.49	7.17	7.6	7.6
6.44	7.14	12.01	7.83	8.13	6.24	7.49	7.49
9.74	9.23	13.81	8.71	7.22	10.52	9.85	9.85
6.09	6.33	10.15	6.56	6.92	9.08	8.49	8.49
8.79	8.23	11.18	7.67	6.29	11.19	9.23	9.23
6.96	6.97	10.77	6.99	7.55	7.16	7.51	7.51
7.41	7.5	7.78	7.6	7.9	9.8	9.24	9.24
5.91	6.85	7.58	7.79	7.08	5.2	6.32	6.32
5.53	6.75	8.44	7.96	7.98	4.43	6.7	6.7
5.58	7.06	10.02	8.54	9.13	8.31	8.43	8.43
7.07	6.93	9.09	6.8	8.26	5.15	6.08	6.08
6.91	7.18	7.51	7.46	8.91	10.2	9.96	9.96
5.89	7.44	10.87	8.99	9.34	5.82	7.82	7.82
7.64	7.83	9.08	8.02	7.97	5.34	7.09	7.09
7.19	8.07	10.57	8.94	8.95	7.32	8.38	8.38
6.12	7.3	8.88	8.49	6.71	7.19	7.57	7.57
9.92	10.01	9.05	10.1	8.74	10.54	9.04	9.04
8.67	8.96	7.97	9.25	8.36	9.65	8.88	8.88
8.2	8.58	8.79	8.97	8	8.1	8.11	8.11
7.66	7.78	10.16	7.89	8.42	9.31	8.98	8.98
7.47	7.94	8.62	8.42	9.11	5.23	6.68	6.68
5.16	6.1	7.43	7.05	8.47	6.87	7.14	7.14
9.82	9.61	13.22	9.4	8.13	8.64	8.8	8.8
7.42	7.96	9.87	8.49	7.92	7.65	8.68	8.68
6.83	8.13	9.13	9.44	7.83	8.38	8.35	8.35
6.88	7.69	9.16	8.49	8.15	4.42	6.81	6.81
5.27	6.86	11.87	8.45	8.39	4.53	6.73	6.73
8.3	8.9	9.81	9.5	7.96	5.6	7.08	7.08
7.12	7.76	8.28	8.39	8.35	5.43	7.14	7.14
5.66	6.66	9.1	7.66	7.56	5.24	6.6	6.6
8.98	8.34	13.15	7.7	7.78	7.46	7.58	7.58
7.75	9.02	9.51	10.29	6.94	9.26	8.88	8.88
8.59	8.93	9.76	9.27	8.26	7.21	7.89	7.89
7.51	8.98	9.44	10.45	9.45	4.19	6.33	6.33
7.05	7.38	7.57	7.7	7.74	6.92	6.93	6.93
8.39	8.81	8.53	9.23	8.48	6.78	6.96	6.96
7.97	8.46	8.62	8.96	8.38	6.28	7.19	7.19
7.98	8.27	8.06	8.55	6.71	6.74	6.79	6.79
6.56	6.68	9.15	6.8	7.36	6.28	7.39	7.39
5.74	6.53	10.12	7.31	7.28	4.07	6	6
5.23	6.74	9.8	8.24	8.51	4.13	6.01	6.01
6.47	6.62	9.56	6.77	8.38	6.11	7.59	7.59
6.46	7.38	9.15	8.3	7.6	5.38	5.98	5.98
8.86	8.84	8.6	8.82	7.46	10.34	9.01	9.01
8.9	9.04	8.56	9.18	8.35	7.89	7.58	7.58
6.48	7.8	8.57	9.13	8.39	7.57	7.94	7.94
6.03	7.04	9.6	8.05	7.95	6.11	6.91	6.91
7.41	7.41	8.95	7.42	7.95	4.74	6.45	6.45
5.22	6.76	8.36	8.31	8.72	5.72	7.16	7.16
5.91	6.74	7.33	7.57	7.04	5.31	6.37	6.37
6.74	7.46	8.82	8.17	7.67	6.44	7.05	7.05
6.59	7.4	9.53	8.2	6.74	5.5	6.27	6.27
6.45	7.25	8.16	8.05	7.81	3.76	5.84	5.84
5.44	6.2	7.94	6.95	6.86	5.46	7.24	7.24
4.68	5.28	7.53	5.88	7.53	5.55	7.15	7.15
5.57	5.89	8.28	6.21	6.87	3.56	5.16	5.16
4.63	5.96	7.76	7.29	8.05	5.19	6.66	6.66
6.39	6.79	6.38	7.19	6.6	4.39	5.87	5.87
8.11	7.49	5.91	6.86	7.68	5.9	6.55	6.55
6.85	7.52	8.44	8.18	7.27	4.19	6	6
7.34	7.5	7.14	7.65	7.64	7.08	7.44	7.44
7.34	7.71	8.33	8.09	7.31	5.59	6.5	6.5
6.19	6.35	7.25	6.51	6.9	5.93	6.76	6.76
4.73	5.72	6.61	6.7	7.34	3.54	5.32	5.32
3.28	5.99	7.44	8.69	6.69	3.47	4.96	4.96
5.22	6.67	8.68	8.12	7.23	7.22	7.15	7.15
5.94	7.09	8.23	8.24	7.83	5.81	6.85	6.85
5.46	6.19	7.69	6.92	7.61	6.72	7.18	7.18
5.83	5.76	7.26	5.69	7.62	6.44	6.03	6.03
4.81	4.71	5.43	4.62	5.96	4.03	4.61	4.61
5.38	5.34	7.69	5.3	6.64	4.04	5.1	5.1
6.37	5.94	9.7	5.51	5.24	6.22	6.09	6.09
6.29	6.92	6.51	7.55	6.07	2.82	4.42	4.42
5.06	5.56	4.82	6.06	5.21	4.99	5.19	5.19
4.99	5.03	7.57	5.07	5.78	4.37	4.76	4.76
5.61	5.88	10.25	6.15	5.1	4.71	5.25	5.25
4.89	5.32	9.3	5.74	5.03	4.44	4.47	4.47
