0.71	0.71	0.17	0.71	0.71	0.71	0.18	0.54
0.74	0.74	0.16	0.74	0.74	0.74	0.19	0.57
0.78	0.78	0.18	0.78	0.78	0.78	0.2	0.57
0.75	0.75	0.15	0.75	0.75	0.75	0.19	0.57
0.68	0.68	0.07	0.68	0.68	0.68	0.17	0.51
0.71	0.71	0.07	0.71	0.71	0.71	0.18	0.54
0.71	0.71	0.07	0.71	0.71	0.71	0.18	0.54
0.43	0.62	0.06	0.62	0.62	0.62	0.16	0.48
0.5	0.71	0.06	0.71	0.71	0.71	0.18	0.54
0.47	0.67	0.07	0.67	0.67	0.67	0.17	0.51
0.49	0.7	0.06	0.7	0.7	0.7	0.18	0.53
0.5	0.72	0.06	0.72	0.72	0.72	0.18	0.54
0.5	0.71	0.06	0.71	0.71	0.71	0.18	0.54
0.5	0.72	0.06	0.72	0.72	0.72	0.18	0.54
0.49	0.7	0.06	0.7	0.7	0.7	0.18	0.51
0.49	0.7	0.05	0.7	0.7	0.7	0.18	0.51
0.47	0.67	0.05	0.67	0.67	0.67	0.17	0.51
0.46	0.65	0.05	0.65	0.65	0.65	0.16	0.48
0.48	0.68	0.06	0.68	0.68	0.68	0.17	0.51
0.46	0.65	0.04	0.65	0.65	0.65	0.16	0.48
0.5	0.72	0.05	0.72	0.72	0.72	0.18	0.54
0.43	0.61	0.05	0.61	0.61	0.61	0.15	0.45
0.51	0.51	0.05	0.51	0.51	0.51	0.13	0.39
0.56	0.56	0.05	0.56	0.56	0.56	0.14	0.42
0.56	0.56	0.04	0.56	0.56	0.56	0.14	0.42
0.47	0.47	0.05	0.47	0.47	0.47	0.12	0.36
0.49	0.49	0.05	0.49	0.49	0.49	0.12	0.36
0.52	0.52	0.06	0.52	0.52	0.52	0.13	0.39
0.45	0.45	0.06	0.45	0.45	0.45	0.11	0.33
0.48	0.48	0.07	0.48	0.48	0.48	0.12	0.36
0.45	0.45	0.07	0.45	0.45	0.45	0.11	0.33
0.26	0.43	0.05	0.43	0.43	0.43	0.11	0.33
0.26	0.43	0.03	0.43	0.43	0.43	0.11	0.33
0.23	0.39	0.04	0.39	0.39	0.39	0.1	0.3
0.23	0.38	0.05	0.38	0.38	0.38	0.1	0.27
0.23	0.38	0.06	0.38	0.38	0.38	0.1	0.27
0.27	0.45	0.07	0.45	0.45	0.45	0.11	0.33
0.19	0.31	0.08	0.31	0.31	0.31	0.08	0.24
0.23	0.38	0.05	0.38	0.38	0.38	0.1	0.27
0.2	0.34	0.05	0.34	0.34	0.34	0.09	0.27
0.21	0.35	0.05	0.35	0.35	0.35	0.09	0.27
0.22	0.36	0.05	0.36	0.36	0.36	0.09	0.27
0.2	0.33	0.05	0.33	0.33	0.33	0.08	0.24
0.22	0.36	0.05	0.36	0.36	0.36	0.09	0.27
0.25	0.41	0.05	0.41	0.41	0.41	0.1	0.3
0.27	0.45	0.05	0.45	0.45	0.45	0.11	0.11
0.29	0.49	0.05	0.49	0.49	0.49	0.12	0.12
0.31	0.52	0.05	0.52	0.52	0.52	0.13	0.13
0.34	0.56	0.05	0.56	0.56	0.56	0.14	0.14
0.24	0.4	0.05	0.4	0.4	0.4	0.1	0.1
0.14	0.24	0.05	0.24	0.24	0.24	0.06	0.06
0.19	0.32	0.05	0.32	0.32	0.32	0.08	0.08
0.24	0.4	0.05	0.4	0.4	0.4	0.1	0.1
0.29	0.49	0.05	0.49	0.49	0.49	0.12	0.12
0.34	0.57	0.04	0.57	0.57	0.57	0.14	0.14
0.39	0.65	0.05	0.65	0.65	0.65	0.16	0.16
0.25	0.41	0.05	0.41	0.41	0.41	0.1	0.1
0.23	0.39	0.05	0.39	0.39	0.39	0.1	0.1
0.23	0.39	0.05	0.39	0.39	0.39	0.1	0.1
0.23	0.39	0.04	0.39	0.39	0.39	0.1	0.1
0.21	0.12	0.04	0.35	0.35	0.35	0.09	0.09
0.22	0.12	0.04	0.36	0.36	0.36	0.09	0.09
0.23	0.13	0.04	0.38	0.38	0.38	0.1	0.09
0.23	0.13	0.04	0.38	0.38	0.38	0.1	0.09
0.24	0.13	0.04	0.4	0.4	0.4	0.1	0.1
0.08	0.14	0.04	0.42	0.42	0.42	0.11	0.1
0.12	0.13	0.05	0.4	0.4	0.4	0.1	0.1
0.12	0.14	0.04	0.41	0.41	0.41	0.1	0.1
0.12	0.14	0.05	0.41	0.41	0.41	0.1	0.1
0.11	0.13	0.04	0.38	0.38	0.38	0.1	0.09
0.11	0.13	0.04	0.38	0.38	0.38	0.1	0.09
0.11	0.12	0.05	0.36	0.36	0.36	0.09	0.09
0.1	0.11	0.05	0.33	0.33	0.33	0.08	0.08
0.1	0.11	0.05	0.34	0.34	0.34	0.09	0.09
0.11	0.12	0.05	0.36	0.36	0.36	0.09	0.09
0.11	0.12	0.05	0.23	0.35	0.35	0.09	0.09
0.1	0.11	0.05	0.26	0.34	0.34	0.09	0.09
0.1	0.11	0.05	0.22	0.32	0.32	0.08	0.08
0.1	0.11	0.05	0.18	0.32	0.32	0.08	0.08
0.1	0.11	0.05	0.2	0.33	0.33	0.08	0.08
0.1	0.11	0.05	0.2	0.32	0.32	0.08	0.08
0.09	0.1	0.05	0.17	0.31	0.31	0.08	0.08
0.09	0.1	0.06	0.18	0.12	0.3	0.08	0.08
0.1	0.11	0.05	0.19	0.13	0.33	0.08	0.08
0.11	0.12	0.07	0.16	0.15	0.37	0.09	0.09
0.1	0.11	0.07	0.17	0.13	0.33	0.08	0.08
0.1	0.11	0.08	0.16	0.14	0.34	0.09	0.09
0.1	0.11	0.11	0.15	0.13	0.33	0.08	0.08
0.1	0.11	0.07	0.15	0.13	0.17	0.08	0.08
0.11	0.12	0.06	0.14	0.14	0.17	0.09	0.09
0.11	0.12	0.1	0.14	0.14	0.18	0.09	0.09
0.1	0.11	0.06	0.14	0.14	0.17	0.09	0.09
0.11	0.12	0.06	0.16	0.14	0.17	0.09	0.09
0.11	0.12	0.07	0.11	0.14	0.17	0.09	0.09
0.1	0.11	0.08	0.14	0.14	0.17	0.09	0.09
0.11	0.12	0.09	0.12	0.14	0.17	0.09	0.09
0.12	0.14	0.08	0.13	0.16	0.2	0.05	0.05
0.05	0.12	0.08	0.13	0.14	0.18	0.05	0.05
0.11	0.12	0.07	0.12	0.15	0.19	0.05	0.05
0.13	0.14	0.07	0.13	0.17	0.21	0.05	0.05
0.14	0.15	0.07	0.15	0.18	0.22	0.06	0.06
0.11	0.13	0.06	0.16	0.19	0.19	0.05	0.05
0.15	0.17	0.06	0.18	0.25	0.25	0.06	0.06
0.17	0.19	0.04	0.19	0.14	0.14	0.07	0.07
0.12	0.22	0.05	0.12	0.16	0.16	0.08	0.08
0.12	0.3	0.06	0.09	0.22	0.22	0.11	0.11
0.17	0.19	0.06	0.05	0.15	0.15	0.07	0.07
0.13	0.14	0.06	0.07	0.11	0.11	0.05	0.05
0.12	0.25	0.07	0.09	0.19	0.19	0.09	0.09
0.13	0.14	0.06	0.11	0.11	0.11	0.05	0.05
0.13	0.14	0.22	0.12	0.11	0.11	0.05	0.05
0.15	0.17	0.16	0.14	0.13	0.13	0.06	0.06
0.11	0.22	0.21	0.09	0.16	0.16	0.16	0.16
0.2	0.23	0.19	0.08	0.17	0.17	0.17	0.17
0.2	0.22	0.16	0.08	0.16	0.08	0.16	0.16
0.18	0.2	0.3	0.08	0.15	0.15	0.15	0.15
0.17	0.18	0.2	0.08	0.28	0.14	0.14	0.14
0.16	0.18	0.26	0.08	0.27	0.13	0.13	0.13
0.16	0.17	0.31	0.08	0.26	0.13	0.13	0.13
0.14	0.16	0.31	0.08	0.24	0.24	0.12	0.12
0.14	0.15	0.29	0.09	0.23	0.23	0.12	0.12
0.1	0.11	0.23	0.09	0.17	0.17	0.08	0.08
0.11	0.12	0.21	0.09	0.19	0.19	0.09	0.09
0.15	0.16	0.18	0.09	0.25	0.25	0.25	0.25
0.14	0.16	0.38	0.09	0.24	0.24	0.24	0.23
0.14	0.15	0.4	0.08	0.23	0.23	0.23	0.22
0.15	0.17	0.4	0.08	0.25	0.25	0.25	0.25
0.14	0.16	0.46	0.08	0.24	0.24	0.24	0.24
0.13	0.15	0.42	0.04	0.22	0.22	0.22	0.22
0.1	0.11	0.4	0.07	0.16	0.16	0.16	0.16
0.13	0.14	0.4	0.08	0.21	0.21	0.21	0.21
0.38	0.13	0.46	0.08	0.19	0.19	0.19	0.19
0.31	0.1	0.4	0.07	0.16	0.16	0.16	0.16
0.3	0.1	0.4	0.07	0.15	0.15	0.15	0.15
0.2	0.07	0.34	0.07	0.1	0.1	0.2	0.2
0.26	0.09	0.3	0.07	0.13	0.13	0.13	0.13
0.31	0.1	0.36	0.07	0.16	0.16	0.16	0.16
0.31	0.1	0.4	0.07	0.16	0.16	0.16	0.16
0.29	0.1	0.32	0.06	0.15	0.15	0.15	0.14
0.23	0.08	0.4	0.07	0.12	0.06	0.12	0.12
0.21	0.07	0.66	0.08	0.21	0.11	0.11	0.1
0.18	0.06	0.36	0.07	0.18	0.09	0.09	0.09
0.19	0.06	0.44	0.07	0.19	0.1	0.1	0.09
0.2	0.07	0.5	0.07	0.2	0.1	0.1	0.1
0.2	0.07	0.46	0.07	0.2	0.1	0.1	0.1
0.23	0.08	0.44	0.08	0.23	0.12	0.12	0.12
0.21	0.07	0.46	0.08	0.21	0.11	0.11	0.1
0.2	0.07	0.5	0.07	0.2	0.1	0.1	0.1
0.2	0.07	0.52	0.08	0.2	0.1	0.1	0.1
0.23	0.08	0.58	0.08	0.23	0.12	0.12	0.12
0.2	0.07	0.48	0.07	0.2	0.1	0.1	0.1
0.2	0.07	0.42	0.08	0.2	0.1	0.2	0.2
0.17	0.06	0.42	0.09	0.17	0.09	0.17	0.17
0.15	0.05	0.54	0.08	0.15	0.08	0.15	0.15
0.18	0.06	0.66	0.08	0.18	0.09	0.18	0.18
0.2	0.07	0.52	0.09	0.2	0.1	0.2	0.2
0.16	0.05	0.48	0.1	0.16	0.08	0.16	0.16
0.2	0.07	0.46	0.08	0.2	0.1	0.2	0.2
0.33	0.11	0.56	0.11	0.33	0.17	0.33	0.33
0.18	0.06	0.54	0.18	0.18	0.09	0.18	0.18
0.22	0.07	0.56	0.22	0.22	0.11	0.22	0.22
0.25	0.08	0.54	0.25	0.25	0.13	0.25	0.25
0.23	0.08	0.66	0.23	0.23	0.12	0.23	0.23
0.22	0.07	0.66	0.22	0.22	0.11	0.22	0.22
0.23	0.08	0.7	0.23	0.23	0.12	0.23	0.23
0.25	0.08	0.56	0.25	0.25	0.13	0.25	0.25
0.26	0.09	0.58	0.26	0.26	0.13	0.26	0.26
0.29	0.1	0.58	0.29	0.29	0.15	0.29	0.29
0.24	0.08	0.74	0.24	0.24	0.12	0.24	0.24
0.21	0.07	0.7	0.21	0.21	0.11	0.21	0.21
0.21	0.07	0.64	0.21	0.21	0.11	0.21	0.21
0.27	0.27	0.64	0.27	0.27	0.14	0.27	0.27
0.33	0.33	0.72	0.33	0.33	0.17	0.33	0.33
0.26	0.26	0.64	0.26	0.26	0.13	0.26	0.26
0.24	0.24	0.58	0.24	0.24	0.12	0.24	0.24
0.23	0.23	0.5	0.23	0.23	0.12	0.23	0.23
0.28	0.28	0.5	0.28	0.28	0.14	0.28	0.28
0.27	0.27	0.48	0.27	0.27	0.14	0.27	0.27
0.28	0.28	0.46	0.28	0.28	0.14	0.28	0.28
0.27	0.27	0.48	0.27	0.27	0.14	0.27	0.27
0.33	0.33	0.48	0.33	0.33	0.17	0.33	0.33
0.33	0.33	0.72	0.33	0.33	0.17	0.33	0.33
0.35	0.35	0.74	0.35	0.35	0.18	0.35	0.35
0.28	0.28	0.72	0.28	0.28	0.14	0.28	0.28
0.29	0.15	0.34	0.29	0.29	0.29	0.29	0.14
0.29	0.15	0.44	0.29	0.29	0.29	0.29	0.14
0.37	0.19	0.31	0.37	0.37	0.37	0.37	0.18
0.35	0.18	0.38	0.35	0.35	0.35	0.35	0.17
0.32	0.16	0.42	0.32	0.32	0.32	0.32	0.15
0.32	0.16	0.41	0.32	0.32	0.32	0.32	0.15
0.36	0.18	0.48	0.36	0.36	0.36	0.36	0.17
0.32	0.16	0.5	0.32	0.32	0.32	0.32	0.15
0.29	0.15	0.54	0.29	0.29	0.29	0.29	0.14
0.25	0.13	0.35	0.25	0.25	0.25	0.25	0.12
0.25	0.13	0.47	0.25	0.25	0.25	0.25	0.12
0.24	0.12	0.46	0.24	0.24	0.24	0.24	0.11
0.23	0.12	0.48	0.23	0.23	0.23	0.23	0.11
0.24	0.12	0.54	0.24	0.24	0.24	0.24	0.11
0.24	0.12	0.59	0.24	0.24	0.24	0.24	0.11
0.36	0.18	0.58	0.36	0.36	0.36	0.36	0.17
0.37	0.19	0.56	0.37	0.37	0.37	0.37	0.18
0.36	0.18	0.58	0.36	0.36	0.36	0.36	0.17
0.272	0.17	0.64	0.34	0.34	0.34	0.34	0.16
0.352	0.22	0.54	0.44	0.44	0.44	0.44	0.21
0.248	0.16	0.6	0.31	0.31	0.31	0.31	0.15
0.304	0.19	0.73	0.38	0.38	0.38	0.38	0.18
0.336	0.21	0.71	0.42	0.42	0.42	0.42	0.2
0.328	0.21	0.65	0.41	0.41	0.41	0.41	0.2
0.384	0.24	0.8	0.48	0.48	0.48	0.48	0.23
0.4	0.25	0.55	0.5	0.5	0.5	0.5	0.24
0.432	0.27	0.74	0.54	0.54	0.54	0.54	0.26
0.28	0.18	0.81	0.35	0.35	0.35	0.35	0.17
0.376	0.24	0.77	0.47	0.47	0.47	0.47	0.22
0.368	0.23	0.73	0.46	0.46	0.276	0.46	0.22
0.384	0.24	0.65	0.48	0.48	0.288	0.48	0.23
0.432	0.27	0.33	0.54	0.54	0.324	0.54	0.26
0.472	0.3	0.37	0.59	0.59	0.354	0.59	0.28
0.464	0.29	0.68	0.58	0.58	0.348	0.58	0.28
0.448	0.28	0.7	0.56	0.56	0.336	0.56	0.27
0.464	0.29	0.81	0.58	0.58	0.348	0.58	0.28
0.512	0.32	0.57	0.64	0.64	0.384	0.64	0.3
0.432	0.27	0.82	0.54	0.54	0.324	0.54	0.26
0.48	0.3	0.82	0.6	0.6	0.36	0.6	0.29
0.584	0.37	0.72	0.73	0.73	0.438	0.73	0.35
0.568	0.36	0.61	0.71	0.71	0.426	0.71	0.34
0.52	0.33	0.66	0.65	0.65	0.39	0.65	0.31
0.64	0.4	0.73	0.8	0.8	0.48	0.8	0.38
0.44	0.28	0.75	0.55	0.55	0.33	0.55	0.26
0.592	0.37	0.79	0.74	0.74	0.444	0.74	0.35
0.648	0.41	0.71	0.81	0.81	0.486	0.81	0.39
0.4928	0.39	0.68	0.77	0.77	0.462	0.77	0.37
0.584	0.37	1.28	0.73	0.73	0.438	0.73	0.35
0.52	0.33	1.32	0.65	0.65	0.65	0.65	0.17
0.264	0.17	1.44	0.33	0.33	0.33	0.33	0.31
0.296	0.19	1.38	0.37	0.37	0.37	0.37	0.16
0.544	0.34	1.36	0.68	0.68	0.68	0.68	0.18
0.56	0.35	1.46	0.7	0.7	0.7	0.7	0.32
0.648	0.41	1.48	0.81	0.81	0.81	0.81	0.33
0.456	0.29	1.44	0.57	0.57	0.57	0.57	0.39
0.656	0.41	1.7	0.82	0.82	0.82	0.82	0.27
0.656	0.41	1.64	0.82	0.82	0.82	0.82	0.39
0.576	0.36	0.74	0.72	0.72	0.72	0.72	0.39
0.488	0.31	0.96	0.61	0.61	0.61	0.61	0.34
0.528	0.33	1.26	0.66	0.66	0.66	0.66	0.29
0.584	0.37	1.54	0.73	0.73	0.73	0.73	0.31
0.6	0.38	1.36	0.75	0.75	0.75	0.75	0.35
0.632	0.4	0.9	0.79	0.79	0.79	0.79	0.36
0.568	0.36	1.12	0.71	0.71	0.71	1.065	0.38
0.544	0.34	1.46	0.68	0.68	0.68	1.02	0.34
0.512	0.32	1.52	0.64	0.64	0.64	0.96	0.32
0.528	0.33	1.72	0.66	0.66	0.66	0.99	0.3
0.576	0.36	1.8	0.72	0.72	0.72	1.08	0.31
0.552	0.35	1	0.69	0.69	0.69	1.035	0.34
0.544	0.34	1.1	0.68	0.68	0.68	1.02	0.33
0.584	0.37	0.76	0.73	0.73	0.73	1.095	0.32
0.592	0.37	1.12	0.74	0.74	0.74	1.11	0.35
0.576	0.36	1.18	0.72	0.72	0.72	1.08	0.35
0.68	0.43	0.8	0.85	0.85	0.85	1.275	0.34
0.656	0.41	1.2	0.82	0.82	0.82	1.23	0.4
0.296	0.19	0.58	0.37	0.37	0.37	0.555	0.39
0.384	0.24	1.1	0.48	0.48	0.48	0.72	0.18
0.504	0.32	1.36	0.63	0.63	0.63	0.945	0.23
0.616	0.77	1.28	0.77	0.77	0.77	1.155	0.3
0.544	0.68	1.8	0.68	0.68	0.68	1.02	0.37
0.36	0.45	1.86	0.45	0.45	0.45	0.675	0.32
0.448	0.56	0.92	0.56	0.56	0.56	0.84	0.21
0.584	0.73	0.84	0.73	0.73	0.73	1.095	0.27
0.608	0.76	0.8	0.76	0.76	0.76	1.14	0.35
0.688	0.86	1.66	0.86	0.86	0.86	1.29	0.36
0.72	0.9	0.92	0.9	0.9	0.9	1.35	0.41
0.4	0.5	2.06	0.5	0.5	0.5	0.75	0.43
0.44	0.55	2.8	0.55	0.55	0.55	0.825	0.24
0.304	0.38	2.14	0.38	0.38	0.38	0.57	0.26
0.448	0.56	2.16	0.56	0.56	0.56	0.84	0.18
0.472	0.59	1.16	0.59	0.59	0.803	0.885	0.27
0.4	0.4	2.46	0.4	0.4	0.924	1.08	0.28
0.6	0.6	2.48	0.6	0.6	0.737	1.08	0.19
0.29	0.29	1.94	0.29	0.29	0.671	0.522	0.29
0.55	0.55	2.88	0.55	0.55	0.825	0.99	0.14
0.68	0.68	1.57	0.68	0.68	1.012	1.224	0.26
0.64	0.64	1.17	0.64	0.64	0.968	1.152	0.32
0.9	0.9	1.6	0.9	0.9	0.924	1.62	0.9
0.93	0.93	1.75	0.93	0.93	0.88	1.008	0.56
0.46	0.46	1.96	0.46	0.46	0.902	0.504	0.28
0.42	0.42	1.64	0.42	0.42	0.803	0.45	0.25
0.4	0.4	2.29	0.4	0.4	0.902	0.432	0.24
0.83	0.83	1.97	0.83	0.83	0.704	0.9	0.5
0.46	0.46	1.66	0.46	0.46	0.847	0.504	0.28
1.03	0.62	1.33	0.62	1.03	1.001	1.116	0.62
0.7	0.42	1.85	0.42	0.7	0.957	0.756	0.42
1.07	0.64	2.18	0.64	1.07	0.649	1.152	0.64
1.08	0.65	1.91	0.65	1.08	0.759	1.17	0.65
0.58	0.35	1.64	0.35	0.58	0.704	0.63	0.35
1.23	0.74	1.445	0.74	1.23	0.99	1.332	0.74
1.24	0.74	1.139	0.74	1.24	0.814	1.332	0.74
0.97	0.58	1.547	0.58	0.97	0.847	1.044	0.58
1.44	0.86	1.921	0.86	1.44	0.935	1.548	0.86
1.57	0.94	1.989	0.94	1.57	0.715	1.692	0.94
1.17	0.7	1.768	0.7	1.17	0.946	1.26	0.7
1.6	0.67	1.632	0.96	1.6	0.891	1.728	0.96
1.75	0.74	1.717	1.05	1.75	0.88	1.05	1.05
1.96	0.82	1.819	1.18	1.96	0.748	0.71	0.71
1.64	0.69	1.802	0.98	1.64	0.759	0.59	0.59
2.29	0.96	1.853	1.37	1.9	1.023	0.82	0.82
1.97	0.83	1.989	1.18	1.5	0.682	0.71	0.71
1.66	0.7	1.717	1	1.47	0.979	0.6	0.6
1.33	0.56	2.023	0.8	1.529	0.869	0.48	0.48
1.85	0.77	1.989	1.11	1.551	1.012	0.67	0.67
2.18	0.92	1.054	1.31	1.782	0.99	0.78	0.78
1.91	0.8	1.309	1.15	1.474	0.891	0.69	0.69
1.64	0.69	1.207	0.98	1.364	0.902	0.59	0.59
1.42	0.59	1.377	0.85	1.243	0.715	0.51	0.51
0.67	0.47	1.36	0.67	1.606	0.924	0.4	0.4
0.91	0.64	1.513	0.91	1.485	0.814	0.55	0.55
1.13	0.79	1.768	1.13	1.342	0.594	0.68	0.68
1.17	0.82	1.632	1.17	1.485	0.726	0.7	0.7
1.04	0.73	1.564	1.04	1.496	0.847	0.62	0.62
0.96	0.67	1.445	0.96	1.507	0.781	0.58	0.58
1.01	0.71	1.411	1.01	1.573	0.891	0.61	0.61
1.07	0.75	1.462	1.07	1.386	0.924	0.64	0.64
1.06	0.74	1.224	1.06	1.364	0.88	0.64	0.64
1.09	0.76	1.428	1.09	1.397	0.781	0.65	0.65
1.17	0.82	1.309	1.17	1.397	0.792	0.7	0.7
1.01	0.71	1.156	1.01	1.562	0.968	0.61	0.61
1.19	0.83	1.241	1.19	1.287	0.627	0.43	0.43
1.17	0.82	0.88	1.17	1.166	0.627	0.42	0.42
0.62	0.43	0.86	0.62	1.221	0.715	0.22	0.22
0.77	0.54	0.75	0.77	1.298	0.638	0.28	0.28
0.71	0.5	0.918	0.71	1.32	0.616	0.25	0.25
0.81	0.56	0.969	0.81	1.54	0.825	0.29	0.29
0.8	0.56	0.901	0.8	1.474	0.88	0.29	0.29
0.89	0.62	0.952	0.89	1.331	0.726	0.32	0.32
1.04	0.73	0.986	1.04	1.353	0.803	0.37	0.37
0.96	0.67	1.003	0.96	1.298	0.594	0.35	0.35
0.92	0.64	0.782	0.92	1.287	0.704	0.33	0.33
0.85	0.59	0.782	0.85	1.342	0.627	0.3	0.3
0.83	0.58	0.578	0.83	1.309	0.682	0.3	0.3
0.86	0.6	0.5491	0.86	1.188	1	0.31	0.31
0.72	0.5	0.4913	0.72	1.232	0.84	0.26	0.26
0.84	0.59	0.4624	0.84	1.188	0.98	0.3	0.3
0.77	0.54	0.4624	0.77	1.166	0.9	0.28	0.28
0.68	0.48	0.4046	0.68	1.21	0.8	0.25	0.25
0.73	0.51	0.4046	0.73	1.188	0.61	0.26	0.26
0.88	0.61	0.4046	0.88	1.309	0.73	0.32	0.32
0.86	0.61	0.4046	0.86	1.078	0.72	0.31	0.31
0.75	0.53	0.4335	0.75	1.001	0.63	0.27	0.27
0.91	0.64	0.4046	0.91	1.056	0.75	0.33	0.33
0.94	0.66	0.3757	0.94	1.254	0.79	0.34	0.34
0.88	0.62	0.4046	0.88	1.287	0.74	0.32	0.32
0.94	0.65	0.4046	0.94	0.979	0.78	0.34	0.34
0.97	0.68	0.2023	0.97	0.814	0.81	0.35	0.35
0.98	0.69	0.1734	0.98	1.001	0.82	0.35	0.35
0.76	0.53	0.06	0.76	0.792	0.63	0.27	0.27
0.76	0.53	0.06	0.76	0.99	0.63	0.27	0.27
0.68	0.48	0.05	0.68	1.056	0.57	0.25	0.25
0.65	0.46	0.06	0.65	1.1	0.54	0.23	0.23
0.59	0.41	0.06	0.59	1.001	0.49	0.21	0.21
0.53	0.37	0.1	0.53	0.99	0.44	0.19	0.19
0.53	0.37	0.11	0.53	1.1	0.44	0.19	0.19
0.44	0.31	0.11	0.44	1.023	0.37	0.16	0.16
0.45	0.31	0.11	0.45	0.858	0.38	0.16	0.16
0.46	0.32	0.1	0.46	0.759	0.38	0.17	0.17
0.48	0.34	0.1	0.48	0.715	0.4	0.17	0.17
0.49	0.34	0.1	0.49	0.759	0.41	0.18	0.18
0.47	0.33	0.1	0.47	0.77	0.39	0.17	0.17
0.43	0.3	0.1	0.43	0.814	0.35	0.15	0.15
0.44	0.2	0.1	0.44	0.792	0.37	0.16	0.16
0.47	0.22	0.11	0.47	0.924	0.39	0.17	0.17
0.45	0.3	0.09	0.45	0.836	0.38	0.16	0.16
0.41	0.28	0.08	0.41	0.671	0.34	0.15	0.15
0.43	0.28	0.09	0.43	0.682	0.35	0.15	0.15
0.43	0.28	0.09	0.43	0.71	0.35	0.15	0.15
0.37	0.26	0.07	0.37	0.62	0.31	0.13	0.13
0.43	0.28	0.07	0.43	0.71	0.35	0.15	0.15
0.4	0.26	0.08	0.4	0.67	0.34	0.14	0.14
0.42	0.28	0.07	0.42	0.7	0.35	0.15	0.15
0.43	0.28	0.07	0.43	0.72	0.36	0.16	0.16
0.43	0.28	0.07	0.43	0.71	0.35	0.15	0.15
0.43	0.28	0.06	0.43	0.72	0.36	0.16	0.16
0.42	0.28	0.06	0.42	0.7	0.35	0.15	0.15
0.42	0.28	0.06	0.42	0.7	0.35	0.15	0.15
0.4	0.26	0.06	0.4	0.67	0.34	0.14	0.14
0.39	0.22	0.06	0.39	0.65	0.32	0.14	0.14
0.41	0.23	0.07	0.41	0.68	0.34	0.15	0.15
0.39	0.22	0.05	0.39	0.65	0.32	0.14	0.14
0.43	0.24	0.06	0.43	0.72	0.36	0.16	0.16
0.37	0.2	0.05	0.37	0.61	0.31	0.13	0.13
0.31	0.17	0.05	0.31	0.51	0.25	0.11	0.11
0.34	0.19	0.05	0.34	0.56	0.28	0.12	0.12
0.34	0.19	0.05	0.34	0.56	0.28	0.12	0.12
0.28	0.16	0.05	0.28	0.47	0.23	0.1	0.1
0.29	0.16	0.06	0.29	0.49	0.25	0.11	0.11
0.31	0.17	0.07	0.31	0.52	0.26	0.11	0.11
0.27	0.15	0.07	0.27	0.45	0.22	0.1	0.1
0.29	0.16	0.08	0.29	0.48	0.24	0.1	0.1
0.27	0.15	0.17	0.27	0.45	0.22	0.1	0.1
0.26	0.14	0.12	0.26	0.43	0.22	0.09	0.09
0.26	0.14	0.07	0.26	0.43	0.22	0.09	0.09
0.23	0.13	0.09	0.23	0.39	0.19	0.08	0.08
0.23	0.13	0.03	0.23	0.38	0.19	0.08	0.08
0.23	0.13	0.04	0.23	0.38	0.19	0.08	0.08
0.27	0.15	0.04	0.27	0.45	0.22	0.1	0.1
0.19	0.1	0.05	0.19	0.31	0.16	0.07	0.07
0.23	0.13	0.03	0.23	0.38	0.19	0.08	0.08
0.2	0.11	0.03	0.2	0.34	0.17	0.07	0.07
0.21	0.12	0.03	0.21	0.35	0.17	0.08	0.08
0.22	0.12	0.03	0.22	0.36	0.18	0.08	0.08
0.2	0.11	0.03	0.2	0.33	0.17	0.07	0.07
0.22	0.12	0.03	0.22	0.36	0.18	0.08	0.08
0.25	0.14	0.03	0.25	0.41	0.2	0.09	0.09
0.27	0.15	0.03	0.27	0.45	0.11	0.05	0.05
0.29	0.16	0.03	0.29	0.49	0.13	0.055	0.06
0.31	0.17	0.03	0.31	0.52	0.13	0.055	0.06
0.17	0.19	0.03	0.2	0.56	0.14	0.06	0.06
0.12	0.13	0.03	0.14	0.4	0.1	0.045	0.05
0.07	0.08	0.03	0.09	0.24	0.06	0.025	0.03
0.09	0.11	0.03	0.12	0.32	0.08	0.035	0.04
0.12	0.13	0.03	0.14	0.4	0.1	0.045	0.05
0.14	0.16	0.03	0.18	0.25	0.13	0.055	0.06
0.17	0.19	0.03	0.21	0.29	0.14	0.06	0.06
0.19	0.22	0.03	0.23	0.33	0.16	0.07	0.07
0.13	0.14	0.03	0.15	0.21	0.1	0.045	0.05
0.12	0.13	0.03	0.14	0.2	0.1	0.04	0.04
0.12	0.13	0.03	0.14	0.2	0.1	0.04	0.04
0.12	0.13	0.02	0.14	0.2	0.1	0.04	0.04
0.1	0.12	0.02	0.13	0.18	0.09	0.04	0.04
0.11	0.12	0.03	0.13	0.18	0.09	0.025	0.03
0.07	0.13	0.02	0.14	0.19	0.1	0.115	0.01
0.07	0.078	0.02	0.14	0.19	0.1	0.115	0.01
0.07	0.078	0.02	0.14	0.2	0.1	0.12	0.12
0.08	0.084	0.03	0.15	0.21	0.11	0.125	0.02
0.07	0.078	0.03	0.14	0.2	0.1	0.06	0.06
0.08	0.084	0.03	0.15	0.21	0.1	0.0625	0.06
0.08	0.084	0.03	0.15	0.21	0.1	0.0625	0.06
0.07	0.078	0.03	0.14	0.19	0.1	0.0575	0.06
0.07	0.078	0.03	0.14	0.19	0.05	0.0575	0.06
0.06	0.072	0.03	0.13	0.18	0.09	0.055	0.06
0.06	0.066	0.03	0.07	0.17	0.09	0.05	0.05
0.06	0.066	0.03	0.12	0.17	0.09	0.05	0.05
0.06	0.072	0.03	0.13	0.18	0.09	0.055	0.06
0.06	0.072	0.03	0.13	0.18	0.09	0.0525	0.05
0.06	0.066	0.03	0.12	0.17	0.09	0.05	0.05
0.06	0.066	0.03	0.12	0.16	0.08	0.0475	0.05
0.06	0.066	0.03	0.12	0.16	0.08	0.0475	0.05
0.05	0.066	0.03	0.12	0.17	0.09	0.05	0.05
0.05	0.066	0.03	0.12	0.16	0.08	0.0475	0.05
0.09	0.06	0.03	0.11	0.16	0.08	0.0475	0.05
0.09	0.06	0.04	0.11	0.15	0.08	0.045	0.05
0.1	0.066	0.03	0.12	0.17	0.09	0.05	0.05
0.11	0.072	0.04	0.13	0.19	0.1	0.055	0.06
0.1	0.066	0.04	0.12	0.17	0.09	0.05	0.05
0.1	0.066	0.05	0.12	0.09	0.04	0.05	0.05
0.1	0.066	0.07	0.12	0.17	0.04	0.025	0.05
0.1	0.066	0.04	0.12	0.17	0.04	0.05	0.05
0.11	0.072	0.03	0.13	0.18	0.04	0.0525	0.05
0.11	0.072	0.06	0.13	0.18	0.05	0.0275	0.06
0.1	0.066	0.03	0.12	0.17	0.04	0.05	0.05
0.11	0.072	0.13	0.13	0.18	0.04	0.0525	0.05
0.11	0.072	0.15	0.13	0.18	0.04	0.0525	0.05
0.1	0.066	0.19	0.12	0.17	0.04	0.05	0.05
0.11	0.072	0.34	0.13	0.18	0.04	0.0525	0.05
0.12	0.084	0.32	0.15	0.21	0.03	0.0625	0.06
0.11	0.072	0.3	0.13	0.18	0.05	0.055	0.06
0.11	0.072	0.28	0.13	0.19	0.05	0.055	0.06
0.13	0.084	0.26	0.15	0.21	0.05	0.0625	0.06
0.14	0.09	0.26	0.16	0.23	0.06	0.0675	0.07
0.11	0.078	0.23	0.14	0.19	0.05	0.0575	0.06
0.15	0.102	0.23	0.18	0.13	0.06	0.075	0.08
0.17	0.114	0.17	0.57	0.14	0.07	0.085	0.09
0.2	0.132	0.19	0.65	0.16	0.08	0.0975	0.1
0.27	0.18	0.19	0.89	0.11	0.11	0.1325	0.13
0.17	0.114	0.25	0.58	0.07	0.07	0.0875	0.09
0.13	0.084	0.23	0.43	0.05	0.06	0.065	0.07
0.22	0.15	0.22	0.74	0.09	0.09	0.11	0.22
0.13	0.084	0.25	0.43	0.05	0.06	0.065	0.13
0.13	0.14	0.24	0.43	0.11	0.06	0.065	0.13
0.15	0.17	0.22	0.5	0.13	0.12	0.15	0.15
0.2	0.22	0.16	0.65	0.16	0.16	0.195	0.2
0.2	0.23	0.21	0.68	0.17	0.18	0.205	0.21
0.2	0.22	0.19	0.65	0.16	0.16	0.195	0.2
0.36	0.2	0.16	0.6	0.15	0.16	0.18	0.18
0.33	0.18	0.15	0.55	0.14	0.14	0.165	0.17
0.32	0.18	0.1	0.53	0.13	0.14	0.16	0.16
0.31	0.17	0.13	0.52	0.13	0.14	0.155	0.16
0.28	0.16	0.16	0.47	0.24	0.12	0.14	0.14
0.28	0.15	0.16	0.46	0.23	0.12	0.14	0.14
0.2	0.055	0.14	0.33	0.17	0.08	0.1	0.1
0.22	0.06	0.12	0.37	0.19	0.1	0.11	0.11
0.22	0.06	0.1	0.37	0.19	0.1	0.11	0.11
0.29	0.08	0.09	0.49	0.25	0.12	0.145	0.15
0.28	0.08	0.09	0.47	0.24	0.12	0.14	0.14
0.27	0.075	0.1	0.45	0.23	0.11	0.135	0.14
0.3	0.085	0.1	0.5	0.25	0.13	0.15	0.15
0.29	0.08	0.12	0.48	0.24	0.12	0.145	0.15
0.26	0.075	0.1	0.44	0.22	0.11	0.13	0.13
0.19	0.055	0.1	0.32	0.16	0.08	0.095	0.1
0.25	0.07	0.1	0.42	0.21	0.11	0.125	0.13
0.23	0.065	0.12	0.38	0.19	0.1	0.115	0.12
0.19	0.05	0.1	0.31	0.16	0.08	0.095	0.1
0.18	0.05	0.1	0.3	0.15	0.08	0.09	0.09
0.12	0.035	0.09	0.2	0.1	0.05	0.06	0.06
0.16	0.045	0.08	0.26	0.13	0.07	0.08	0.08
0.19	0.155	0.09	0.31	0.16	0.08	0.095	0.1
0.19	0.155	0.1	0.31	0.31	0.08	0.095	0.1
0.17	0.145	0.08	0.29	0.29	0.07	0.085	0.09
0.14	0.115	0.1	0.23	0.23	0.06	0.07	0.07
0.13	0.105	0.17	0.21	0.21	0.05	0.065	0.07
0.11	0.09	0.09	0.18	0.18	0.05	0.055	0.06
0.11	0.095	0.11	0.19	0.19	0.05	0.11	0.06
0.12	0.1	0.13	0.2	0.2	0.05	0.12	0.06
0.12	0.1	0.12	0.2	0.2	0.05	0.12	0.06
0.14	0.115	0.11	0.23	0.23	0.06	0.14	0.07
0.13	0.105	0.12	0.21	0.21	0.1	0.13	0.07
0.12	0.1	0.25	0.2	0.2	0.1	0.12	0.06
0.12	0.1	0.26	0.2	0.2	0.1	0.12	0.06
0.14	0.115	0.29	0.23	0.23	0.12	0.14	0.07
0.12	0.1	0.24	0.2	0.2	0.1	0.12	0.06
0.12	0.1	0.21	0.2	0.2	0.1	0.2	0.1
0.1	0.085	0.21	0.17	0.17	0.09	0.17	0.09
0.09	0.075	0.27	0.15	0.15	0.08	0.15	0.08
0.11	0.09	0.33	0.18	0.18	0.09	0.18	0.09
0.12	0.1	0.26	0.2	0.2	0.1	0.2	0.1
0.1	0.08	0.24	0.16	0.16	0.08	0.16	0.08
0.12	0.1	0.23	0.2	0.2	0.1	0.2	0.1
0.2	0.165	0.28	0.33	0.33	0.17	0.33	0.17
0.11	0.09	0.27	0.18	0.18	0.09	0.18	0.09
0.13	0.11	0.28	0.22	0.22	0.11	0.22	0.11
0.15	0.125	0.27	0.25	0.25	0.13	0.25	0.13
0.14	0.115	0.33	0.23	0.23	0.12	0.23	0.12
0.13	0.11	0.33	0.22	0.22	0.11	0.22	0.11
0.14	0.115	0.35	0.23	0.23	0.12	0.23	0.12
0.15	0.125	0.28	0.25	0.25	0.13	0.25	0.13
0.16	0.13	0.29	0.26	0.26	0.13	0.26	0.13
0.17	0.145	0.29	0.29	0.29	0.14	0.29	0.15
0.14	0.12	0.37	0.24	0.24	0.12	0.24	0.12
0.13	0.105	0.35	0.21	0.21	0.1	0.21	0.11
0.13	0.105	0.32	0.21	0.21	0.1	0.21	0.11
0.16	0.135	0.32	0.27	0.27	0.14	0.27	0.14
0.2	0.165	0.36	0.33	0.33	0.17	0.33	0.17
0.16	0.13	0.32	0.26	0.26	0.13	0.26	0.13
0.14	0.12	0.29	0.24	0.24	0.12	0.24	0.12
0.14	0.115	0.25	0.23	0.23	0.12	0.23	0.23
0.17	0.14	0.25	0.28	0.28	0.14	0.28	0.28
0.16	0.135	0.24	0.27	0.27	0.14	0.27	0.27
0.17	0.14	0.23	0.28	0.28	0.14	0.28	0.28
0.16	0.135	0.24	0.27	0.27	0.14	0.27	0.27
0.2	0.165	0.24	0.33	0.33	0.17	0.33	0.33
0.2	0.165	0.36	0.33	0.33	0.17	0.33	0.33
0.21	0.175	0.37	0.35	0.35	0.231	0.35	0.35
0.17	0.14	0.36	0.28	0.28	0.429	0.28	0.28
0.17	0.145	0.34	0.29	0.29	0.176	0.29	0.29
0.17	0.145	0.44	0.29	0.29	0.286	0.29	0.29
0.22	0.185	0.31	0.37	0.37	0.671	0.37	0.37
0.21	0.175	0.38	0.35	0.35	0.209	0.35	0.35
0.19	0.16	0.42	0.32	0.32	0.209	0.32	0.32
0.19	0.16	0.41	0.32	0.32	0.209	0.32	0.32
0.22	0.18	0.48	0.36	0.36	0.231	0.36	0.36
0.19	0.16	0.5	0.32	0.32	0.176	0.32	0.32
0.17	0.145	0.54	0.29	0.29	0.22	0.29	0.29
0.15	0.125	0.35	0.25	0.25	0.297	0.25	0.25
0.15	0.125	0.47	0.25	0.25	0.264	0.25	0.25
0.14	0.12	0.46	0.24	0.24	0.22	0.24	0.24
0.14	0.115	0.48	0.23	0.23	0.209	0.23	0.23
0.14	0.12	0.54	0.24	0.24	0.209	0.24	0.24
0.14	0.12	0.59	0.24	0.24	0.209	0.24	0.24
0.22	0.18	0.58	0.36	0.36	0.275	0.36	0.36
0.22	0.185	0.56	0.37	0.37	0.297	0.37	0.37
0.22	0.18	0.58	0.36	0.36	0.528	0.36	0.36
0.2	0.17	0.64	0.34	0.34	0.187	0.34	0.34
0.26	0.22	0.54	0.44	0.44	0.231	0.44	0.44
0.26	0.155	0.6	0.31	0.31	0.286	0.31	0.31
0.23	0.19	0.73	0.38	0.38	0.253	0.38	0.38
0.3	0.21	0.71	0.42	0.42	0.42	0.42	0.42
0.25	0.205	0.65	0.41	0.41	0.41	0.41	0.41
0.29	0.24	0.8	0.48	0.48	0.48	0.48	0.48
0.3	0.25	0.55	0.5	0.5	0.5	0.5	0.5
0.32	0.27	0.74	0.54	0.54	0.54	0.54	0.54
0.21	0.175	0.81	0.35	0.35	0.35	0.35	0.35
0.28	0.235	0.77	0.47	0.47	0.47	0.47	0.47
0.28	0.23	0.73	0.46	0.46	0.46	0.46	0.46
0.29	0.24	0.65	0.48	0.48	0.48	0.48	0.48
0.32	0.27	0.33	0.54	0.54	0.54	0.54	0.54
0.35	0.295	0.37	0.59	0.59	0.59	0.59	0.59
0.7	0.29	0.68	0.58	0.58	0.58	0.58	0.58
0.76	0.28	0.7	0.56	0.56	0.56	0.56	0.56
0.35	0.29	0.81	0.58	0.58	0.58	0.58	0.58
0.38	0.32	0.57	0.64	0.64	0.64	0.64	0.64
0.32	0.27	0.82	0.54	0.54	0.54	0.54	0.54
0.36	0.3	0.82	0.6	0.6	0.6	0.6	0.6
0.44	0.365	0.72	0.73	0.73	0.73	0.73	0.73
0.43	0.355	0.61	0.71	0.71	0.71	0.71	0.71
0.39	0.325	0.66	0.65	0.65	0.65	0.65	0.65
0.48	0.4	0.73	0.8	0.8	0.8	0.8	0.8
0.33	0.275	0.75	0.55	0.55	0.55	0.55	0.55
0.44	0.37	0.79	0.74	0.74	0.74	0.74	0.74
0.49	0.405	0.71	0.81	0.81	0.81	0.81	0.81
0.46	0.385	0.68	0.77	0.77	0.77	0.77	0.77
0.44	0.365	0.64	0.73	0.73	0.73	0.73	0.73
0.39	0.325	0.66	0.65	0.65	0.65	0.65	0.65
0.2	0.165	0.72	0.33	0.33	0.33	0.33	0.33
1.22	0.185	1.6	0.37	0.37	0.37	0.37	0.37
0.74	0.17	0.68	0.68	0.68	0.68	0.68	0.68
0.76	0.35	0.73	0.7	0.7	0.7	0.7	0.7
0.88	0.405	0.74	0.81	0.81	0.81	0.81	0.81
0.61	0.285	0.72	0.57	0.57	0.57	0.57	0.57
0.88	0.41	0.85	0.82	0.82	0.82	0.82	0.82
0.88	0.41	0.82	0.82	0.82	0.82	0.82	0.82
0.77	0.36	0.37	0.72	0.72	0.72	0.72	0.72
0.67	0.305	0.48	0.61	0.61	0.61	0.61	0.61
0.72	0.33	0.63	0.66	0.66	0.66	0.66	0.66
0.79	0.365	0.77	0.73	0.73	0.73	0.73	0.73
0.81	0.375	0.68	0.75	0.75	0.75	0.75	0.75
1.71	0.395	0.45	0.79	0.79	0.79	0.79	0.79
1.53	0.355	0.56	0.71	0.71	0.71	0.71	0.71
1.48	0.34	0.73	0.68	0.68	0.68	0.68	0.68
1.39	0.32	0.76	0.64	0.64	0.64	0.64	0.64
1.42	0.33	0.86	0.66	0.66	0.66	0.66	0.66
0.86	0.36	0.9	0.72	0.72	0.72	0.72	0.72
0.83	0.345	0.5	0.69	0.69	0.69	0.69	0.69
0.82	0.34	2.21	0.68	0.68	0.68	0.68	0.68
0.88	0.365	3	0.73	0.73	0.73	0.73	0.73
0.89	0.37	2.08	0.74	0.74	0.74	0.74	0.74
0.86	0.36	2.9	1.034	0.72	0.72	0.72	0.72
1.02	0.425	1.32	0.484	0.85	0.85	0.85	0.85
0.98	0.41	2.52	0.858	0.82	0.82	0.82	0.82
1.44	0.185	2.64	1.133	0.37	0.37	0.37	0.37
0.58	0.24	2.02	0.737	0.48	0.48	0.48	0.48
0.76	0.315	2.22	0.858	0.63	0.63	0.63	0.63
0.92	0.385	2.34	0.814	0.77	0.77	0.77	0.77
0.82	0.34	2.22	0.913	0.68	0.68	0.68	0.68
0.54	0.225	2.64	0.781	0.45	0.45	0.45	0.45
0.67	0.39	2.66	0.902	0.56	0.56	0.56	0.56
0.88	0.51	1.98	0.594	0.73	0.73	0.73	0.73
0.91	0.53	1.08	0.506	0.76	0.76	0.76	0.76
1.03	0.6	2.62	0.814	0.86	0.86	0.86	0.86
1.08	0.63	2.68	0.979	0.9	0.9	0.9	0.9
0.6	0.35	1.03	0.88	0.865	0.5	0.5	0.5
0.66	0.1925	0.7	1.111	0.9515	1.1	0.55	0.55
0.46	0.265	1.07	1.155	0.6574	0.76	0.38	0.38
0.67	0.39	1.08	0.913	0.9688	1.12	0.56	0.56
0.71	0.415	0.58	1.012	1.0207	1.18	0.59	0.59
1.1	0.28	1.23	0.946	0.692	0.8	0.4	0.4
1.34	0.42	1.24	1.089	1.038	1.2	0.6	0.6
1.35	0.205	0.97	1.342	0.5017	0.58	0.29	0.29
0.66	0.385	1.44	1.595	0.9515	1.1	0.55	0.55
0.82	0.475	1.57	0.682	1.1764	1.36	0.68	0.68
0.77	0.45	1.17	0.539	0.64	1.28	0.64	0.64
1.08	0.63	1.6	1.243	0.9	1.8	0.9	0.9
1.12	0.65	1.75	0.979	0.93	1.86	0.93	0.93
0.55	0.32	1.96	1.166	0.46	0.92	0.46	0.46
0.5	0.295	1.64	1.232	0.42	0.84	0.42	0.42
0.48	0.28	2.29	1.639	0.4	0.8	0.4	0.4
1	0.58	1.97	1.177	0.83	1.66	0.83	0.83
1.55	0.32	1.66	1.089	0.46	0.92	0.46	0.46
1.24	0.72	1.33	1.03	1.03	1.7	1.03	1.03
0.84	0.49	1.85	0.7	0.7	1.4	0.7	0.7
1.28	0.75	2.18	1.07	1.07	1.07	1.07	1.07
1.3	0.755	1.91	1.08	1.08	1.08	1.08	1.08
0.7	0.405	1.64	0.58	0.58	0.58	0.58	0.58
1.48	0.86	1.42	1.23	1.23	1.23	1.23	1.23
1.49	0.87	1.12	1.24	1.24	1.24	1.24	1.24
1.16	0.68	1.52	0.97	0.97	0.97	0.97	0.97
1.73	1.01	1.89	1.44	1.44	0.825	1.44	1.44
1.88	1.1	1.95	1.57	1.57	1.254	1.57	1.57
1.4	0.82	1.11	1.17	1.17	1.617	1.17	1.17
1.92	0.62	1.26	1.6	1.6	1.716	1.6	1.6
2.1	0.725	1.27	1.75	1.309	1.21	1.75	1.23
2.35	0.87	1.29	1.96	1.287	1.034	1.96	1.37
1.97	0.65	1.28	1.64	0.957	1.144	1.64	1.15
2.75	0.605	0.81	2.29	1.199	1.221	2.29	1.6
2.36	0.88	1.31	1.97	1.254	1.111	1.97	1.38
1.99	0.58	0.57	1.66	1.199	1.738	1.66	1.16
1.6	0.47	0.87	1.33	0.946	1.045	1.33	0.93
2.22	0.65	1.3	1.85	1.188	1.221	1.85	1.3
2.62	1.53	0.69	2.18	0.858	0.869	2.18	0.83
2.29	1.33	0.7	1.91	1.287	1.155	1.91	1.34
1.97	1.15	1.19	1.64	1.232	1.1	1.64	1.15
1.7	0.99	1.22	1.42	1.375	1.65	1.42	0.99
1.34	0.78	1.21	1.12	1.298	1.12	1.12	0.78
1.82	0.76	1.24	1.52	1.52	1.52	1.52	0.64
2.27	0.94	1.28	1.89	1.89	1.89	1.89	1.32
2.34	0.98	1.26	1.95	1.95	1.95	1.95	1.37
2.08	0.87	0.76	1.73	1.73	1.73	1.73	1.21
1.92	0.8	0.75	1.6	1.6	1.6	1.6	1.12
2.03	0.85	0.7	1.69	1.69	1.69	1.69	1.18
2.15	0.89	1.46	1.79	1.5525	1.79	1.79	1.25
2.12	0.88	1.14	1.77	1.702	1.77	1.77	1.24
2.17	0.9	1.12	1.81	1.5985	1.81	1.81	1.27
2.34	0.98	1.2	1.95	1.6215	1.95	1.95	0.96
2.03	0.85	1.364	1.69	1.5295	1.69	1.69	1.18
2.38	0.99	1.089	1.98	1.4375	1.98	1.98	1.39
2.34	0.98	0.814	1.95	1.4605	1.95	1.95	1.37
1.24	0.51	0.891	1.03	1.4145	1.03	1.03	0.72
1.54	0.64	0.935	1.28	1.472	1.28	1.28	0.9
1.42	0.59	0.979	1.18	1.18	1.18	1.18	0.83
1.62	0.68	1.232	1.35	1.35	1.35	1.35	0.95
1.61	0.67	0.99	1.34	1.34	1.34	1.34	0.94
1.78	0.74	0.891	1.48	1.48	1.48	1.48	1.04
1.7	0.87	0.924	1.73	1.73	1.73	1.73	1.21
1.92	0.8	0.627	1.6	1.6	1.6	1.6	1.6
1.84	0.76	0.572	1.53	1.53	1.53	1.53	1.53
1.69	0.7	0.572	1.41	1.41	1.41	1.41	1.41
1.67	0.69	0.792	1.39	1.39	1.39	1.39	1.39
1.72	0.71	0.638	1.43	1.43	1.43	0.72	0.71
1.44	0.6	0.605	1.2	1.2	1.2	0.6	0.6
1.68	0.7	0.495	1.4	1.4	1.4	0.7	0.7
1.54	0.64	0.55	1.28	1.28	1.28	0.64	0.64
1.37	0.57	0.429	1.14	1.14	1.14	0.57	0.57
1.45	0.61	0.418	1.21	1.21	1.21	0.61	0.61
1.75	0.73	0.462	1.46	1.46	1.46	0.73	0.73
1.73	0.72	0.374	1.44	1.44	1.44	0.72	0.72
1.5	0.63	0.495	1.221	1.25	1.25	0.63	0.63
1.81	0.75	0.451	1.034	1.51	1.51	0.76	0.75
1.88	0.79	0.396	1.078	1.57	1.57	0.79	0.79
1.76	0.74	0.352	1.122	1.47	1.47	0.74	0.74
1.87	0.78	0.286	0.847	1.56	1.56	0.78	0.78
1.94	0.81	0.319	0.968	1.62	1.62	0.81	0.81
1.97	0.82	0.253	1.034	1.64	1.64	0.82	0.82
1.52	0.63	0.198	1.001	1.27	1.27	0.64	0.63
1.52	0.63	0.209	0.847	1.27	1.27	0.64	0.63
1.37	0.57	0.209	0.847	1.14	1.14	0.57	0.57
1.3	0.54	0.253	0.825	1.08	1.08	0.54	0.54
1.18	0.49	0.253	0.935	0.98	0.98	0.49	0.49
1.06	0.44	0.187	1.122	0.88	0.88	0.44	0.44
1.06	0.44	0.198	1.111	0.88	0.88	0.44	0.44
0.89	0.37	0.132	1.1	0.74	0.74	0.37	0.37
0.45	0.38	0.165	1.1	0.75	0.75	0.38	0.38
0.46	0.38	0.154	0.924	0.77	0.77	0.39	0.38
0.48	0.4	0.121	0.935	0.8	0.8	0.4	0.4
0.49	0.41	0.121	0.792	0.82	0.82	0.41	0.41
0.47	0.39	0.099	0.836	0.78	0.78	0.39	0.39
0.43	0.35	0.132	0.858	0.71	0.71	0.36	0.35
0.44	0.37	0.088	0.935	0.74	0.74	0.37	0.37
0.47	0.39	0.077	0.78	0.78	0.78	0.39	0.39
0.45	0.38	0.11	0.75	0.75	0.75	0.38	0.38
0.41	0.34	0.066	0.68	0.68	0.68	0.34	0.34
0.43	0.35	0.077	0.71	0.71	0.71	0.36	0.35
0.43	0.35	0.11	0.71	0.71	0.71	0.36	0.35
0.37	0.31	0.1	0.62	0.62	0.62	0.31	0.31
0.43	0.35	0.1	0.71	0.71	0.71	0.36	0.35
0.4	0.34	0.11	0.67	0.67	0.67	0.34	0.34
0.42	0.35	0.09	0.7	0.7	0.7	0.35	0.35
0.43	0.36	0.1	0.72	0.72	0.72	0.36	0.36
0.43	0.35	0.09	0.71	0.71	0.71	0.36	0.35
0.43	0.36	0.09	0.72	0.72	0.72	0.36	0.36
0.42	0.35	0.09	0.7	0.7	0.7	0.35	0.35
0.42	0.35	0.08	0.7	0.7	0.7	0.35	0.35
0.4	0.34	0.08	0.67	0.67	0.67	0.34	0.34
0.39	0.32	0.08	0.65	0.65	0.65	0.33	0.32
0.41	0.34	0.09	0.68	0.68	0.68	0.34	0.34
0.39	0.32	0.12	0.65	0.65	0.65	0.33	0.32
0.43	0.36	0.15	0.72	0.72	0.72	0.36	0.36
0.37	0.31	0.14	0.61	0.61	0.61	0.31	0.31
0.31	0.25	0.14	0.51	0.51	0.51	0.26	0.25
0.34	0.28	0.14	0.56	0.56	0.56	0.28	0.28
0.34	0.28	0.13	0.56	0.56	0.56	0.28	0.28
0.28	0.23	0.14	0.47	0.47	0.47	0.24	0.23
0.29	0.25	0.16	0.49	0.49	0.49	0.25	0.25
0.31	0.26	0.07	0.52	0.52	0.52	0.26	0.26
0.27	0.22	0.2	0.45	0.45	0.45	0.23	0.22
0.29	0.24	0.05	0.48	0.48	0.48	0.24	0.24
0.27	0.22	0.06	0.45	0.45	0.45	0.23	0.22
0.26	0.22	0.04	0.43	0.43	0.43	0.22	0.22
0.26	0.22	0.03	0.43	0.43	0.43	0.22	0.22
0.23	0.38	0.03	0.39	0.39	0.39	0.2	0.19
0.23	0.38	0.04	0.38	0.38	0.38	0.19	0.19
0.23	0.38	0.05	0.38	0.38	0.38	0.19	0.19
0.27	0.44	0.06	0.45	0.45	0.45	0.23	0.22
0.19	0.192	0.07	0.31	0.31	0.31	0.16	0.16
0.23	0.228	0.04	0.38	0.38	0.38	0.19	0.19
0.2	0.204	0.04	0.34	0.34	0.34	0.17	0.17
0.21	0.204	0.04	0.35	0.35	0.35	0.18	0.17
0.22	0.216	0.04	0.36	0.36	0.36	0.18	0.18
0.2	0.204	0.04	0.33	0.33	0.33	0.17	0.17
0.22	0.216	0.04	0.36	0.36	0.36	0.18	0.18
0.25	0.24	0.04	0.41	0.41	0.41	0.21	0.2
0.27	0.264	0.04	0.45	0.45	0.45	0.23	0.22
0.29	0.3	0.04	0.49	0.49	0.49	0.25	0.25
0.31	0.312	0.04	0.52	0.52	0.52	0.26	0.26
0.34	0.336	0.04	0.56	0.56	0.56	0.28	0.28
0.24	0.24	0.04	0.4	0.4	0.4	0.2	0.2
0.14	0.144	0.04	0.24	0.24	0.24	0.12	0.12
0.19	0.096	0.04	0.32	0.32	0.32	0.08	0.08
0.24	0.12	0.04	0.4	0.351	0.4	0.1	0.1
0.29	0.15	0.04	0.49	0.324	0.49	0.12	0.12
0.34	0.168	0.03	0.57	0.261	0.57	0.14	0.14
0.39	0.192	0.04	0.65	0.252	0.65	0.16	0.16
0.25	0.12	0.04	0.41	0.27	0.41	0.1	0.1
0.23	0.114	0.04	0.39	0.261	0.39	0.1	0.1
0.23	0.114	0.04	0.39	0.234	0.39	0.1	0.1
0.23	0.114	0.03	0.39	0.306	0.39	0.1	0.1
0.21	0.102	0.03	0.35	0.243	0.35	0.09	0.09
0.22	0.108	0.03	0.36	0.261	0.36	0.09	0.09
0.23	0.114	0.03	0.38	0.243	0.38	0.1	0.09
0.23	0.114	0.03	0.38	0.243	0.38	0.1	0.09
0.24	0.12	0.03	0.4	0.288	0.4	0.1	0.1
0.25	0.126	0.03	0.42	0.252	0.42	0.11	0.1
0.24	0.12	0.04	0.4	0.198	0.4	0.1	0.1
0.25	0.12	0.03	0.41	0.198	0.41	0.1	0.1
0.25	0.12	0.04	0.41	0.198	0.41	0.1	0.1
0.23	0.114	0.03	0.38	0.189	0.38	0.1	0.09
0.23	0.114	0.03	0.38	0.216	0.38	0.1	0.09
0.22	0.108	0.04	0.23	0.225	0.36	0.09	0.09
0.2	0.102	0.04	0.26	0.18	0.33	0.08	0.08
0.2	0.0612	0.04	0.22	0.207	0.34	0.09	0.09
0.22	0.108	0.04	0.18	0.207	0.36	0.09	0.09
0.21	0.102	0.04	0.2	0.189	0.35	0.09	0.09
0.2	0.102	0.04	0.2	0.198	0.34	0.09	0.09
0.19	0.096	0.04	0.17	0.171	0.32	0.08	0.08
0.19	0.096	0.04	0.18	0.18	0.32	0.08	0.08
0.2	0.102	0.04	0.19	0.162	0.33	0.08	0.08
0.19	0.096	0.04	0.16	0.162	0.32	0.08	0.08
0.19	0.096	0.04	0.17	0.153	0.31	0.08	0.08
0.18	0.09	0.05	0.16	0.135	0.3	0.08	0.08
0.2	0.102	0.04	0.15	0.171	0.33	0.08	0.08
0.22	0.114	0.05	0.15	0.162	0.37	0.09	0.09
0.2	0.102	0.06	0.14	0.207	0.33	0.08	0.08
0.2	0.102	0.07	0.14	0.18	0.34	0.09	0.09
0.2	0.102	0.09	0.14	0.207	0.33	0.08	0.08
0.2	0.102	0.06	0.16	0.189	0.33	0.08	0.08
0.21	0.102	0.04	0.11	0.216	0.35	0.09	0.09
0.22	0.108	0.08	0.14	0.18	0.36	0.09	0.09
0.2	0.102	0.04	0.12	0.153	0.34	0.09	0.09
0.21	0.102	0.04	0.13	0.198	0.35	0.09	0.09
0.21	0.102	0.2	0.13	0.162	0.35	0.09	0.09
0.2	0.102	0.26	0.12	0.108	0.34	0.09	0.09
0.21	0.102	0.27	0.13	0.162	0.35	0.09	0.09
0.25	0.12	0.26	0.15	0.153	0.41	0.1	0.1
0.22	0.108	0.24	0.16	0.18	0.286	0.09	0.09
0.22	0.114	0.22	0.18	0.126	0.198	0.09	0.09
0.25	0.126	0.21	0.19	0.126	0.187	0.05	0.05
0.27	0.132	0.21	0.12	0.135	0.11	0.06	0.06
0.23	0.114	0.19	0.09	0.126	0.187	0.05	0.05
0.3	0.078	0.18	0.05	0.135	0.286	0.06	0.06
0.14	0.084	0.13	0.07	0.126	0.242	0.07	0.07
0.16	0.096	0.15	0.09	0.117	0.176	0.08	0.08
0.21	0.132	0.08	0.11	0.144	0.11	0.11	0.11
0.14	0.084	0.1	0.12	0.03	0.22	0.07	0.07
0.1	0.066	0.23	0.14	0.05	0.308	0.05	0.05
0.18	0.114	0.25	0.09	0.03	0.22	0.09	0.09
0.1	0.066	0.24	0.08	0.05	0.264	0.05	0.05
0.03	0.066	0.22	0.08	0.06	0.253	0.05	0.05
0.09	0.078	0.16	0.08	0.08	0.209	0.06	0.06
0.12	0.096	0.21	0.08	0.09	0.099	0.08	0.08
0.12	0.102	0.19	0.08	0.08	0.253	0.09	0.04
0.12	0.096	0.16	0.08	0.08	0.253	0.16	0.02
0.11	0.18	0.15	0.08	0.07	0.22	0.15	0.02
0.1	0.168	0.1	0.09	0.07	0.198	0.14	0.02
0.1	0.156	0.26	0.09	0.07	0.132	0.13	0.02
0.09	0.156	0.31	0.09	0.12	0.121	0.13	0.02
0.08	0.138	0.31	0.09	0.12	0.253	0.12	0.02
0.08	0.138	0.29	0.09	0.08	0.165	0.12	0.02
0.06	0.102	0.23	0.08	0.09	0.154	0.08	0.01
0.07	0.114	0.21	0.08	0.09	0.209	0.09	0.01
0.09	0.15	0.18	0.08	0.12	0.088	0.06	0.02
0.28	0.138	0.19	0.04	0.12	0.11	0.06	0.02
0.27	0.132	0.2	0.07	0.11	0.077	0.055	0.01
0.3	0.15	0.2	0.08	0.13	0.088	0.065	0.02
0.29	0.144	0.23	0.08	0.12	0.165	0.06	0.02
0.26	0.132	0.21	0.07	0.11	0.297	0.055	0.01
0.19	0.16	0.2	0.07	0.08	0.187	0.04	0.01
0.25	0.21	0.2	0.07	0.11	0.176	0.055	0.01
0.23	0.19	0.23	0.07	0.1	0.19	0.19	0.05
0.19	0.16	0.2	0.07	0.08	0.16	0.155	0.04
0.18	0.15	0.2	0.07	0.08	0.15	0.15	0.04
0.12	0.1	0.17	0.06	0.05	0.1	0.1	0.03
0.16	0.13	0.15	0.07	0.07	0.13	0.13	0.03
0.19	0.16	0.18	0.08	0.08	0.16	0.155	0.04
0.19	0.16	0.2	0.07	0.31	0.16	0.155	0.01
0.17	0.14	0.16	0.07	0.29	0.14	0.145	0.04
0.14	0.12	0.2	0.07	0.23	0.12	0.115	0.03
0.13	0.1	0.33	0.07	0.21	0.1	0.105	0.03
0.11	0.09	0.18	0.08	0.18	0.09	0.09	0.02
0.11	0.09	0.22	0.08	0.19	0.09	0.095	0.03
0.12	0.1	0.25	0.07	0.2	0.1	0.1	0.03
0.12	0.1	0.23	0.08	0.2	0.1	0.1	0.03
0.14	0.12	0.22	0.08	0.23	0.12	0.115	0.03
0.21	0.1	0.23	0.07	0.21	0.1	0.105	0.03
0.2	0.1	0.25	0.08	0.2	0.1	0.1	0.03
0.2	0.1	0.26	0.09	0.2	0.1	0.1	0.03
0.23	0.12	0.29	0.08	0.23	0.12	0.115	0.03
0.2	0.1	0.24	0.08	0.2	0.1	0.1	0.03
0.2	0.1	0.21	0.09	0.2	0.1	0.1	0.03
0.17	0.09	0.21	0.1	0.17	0.09	0.085	0.02
0.15	0.08	0.27	0.08	0.15	0.08	0.075	0.02
0.18	0.09	0.33	0.11	0.18	0.09	0.09	0.02
0.2	0.1	0.26	0.2	0.2	0.1	0.1	0.03
0.16	0.08	0.24	0.16	0.16	0.08	0.08	0.02
0.2	0.1	0.23	0.2	0.2	0.1	0.1	0.03
0.33	0.17	0.28	0.33	0.33	0.17	0.165	0.04
0.18	0.09	0.27	0.18	0.18	0.09	0.09	0.06
0.22	0.11	0.28	0.22	0.22	0.11	0.11	0.04
0.25	0.13	0.27	0.25	0.25	0.13	0.125	0.08
0.23	0.12	0.33	0.23	0.23	0.12	0.115	0.08
0.22	0.11	0.33	0.22	0.22	0.11	0.11	0.07
0.23	0.12	0.35	0.23	0.23	0.12	0.115	0.08
0.25	0.13	0.28	0.25	0.25	0.13	0.125	0.08
0.26	0.13	0.29	0.26	0.26	0.13	0.13	0.09
0.29	0.14	0.29	0.29	0.29	0.14	0.145	0.1
0.24	0.12	0.37	0.24	0.24	0.24	0.12	0.08
0.21	0.1	0.35	0.21	0.21	0.21	0.0525	0.07
0.21	0.1	0.32	0.21	0.21	0.21	0.105	0.07
0.27	0.14	0.32	0.27	0.27	0.27	0.135	0.09
0.33	0.17	0.36	0.33	0.33	0.33	0.165	0.11
0.26	0.13	0.32	0.26	0.26	0.26	0.13	0.09
0.24	0.12	0.29	0.24	0.24	0.24	0.12	0.08
0.23	0.12	0.25	0.23	0.23	0.23	0.115	0.08
0.28	0.14	0.25	0.28	0.28	0.28	0.14	0.09
0.27	0.14	0.24	0.27	0.27	0.27	0.135	0.09
0.28	0.28	0.23	0.28	0.28	0.28	0.14	0.09
0.27	0.27	0.24	0.27	0.27	0.27	0.135	0.09
0.33	0.33	0.24	0.33	0.33	0.33	0.165	0.11
0.33	0.33	0.36	0.33	0.33	0.33	0.165	0.11
0.35	0.35	0.37	0.35	0.35	0.35	0.175	0.12
0.28	0.28	0.36	0.28	0.28	0.28	0.14	0.09
0.29	0.29	0.34	0.29	0.29	0.29	0.145	0.1
0.29	0.29	0.88	0.29	0.29	0.29	0.145	0.1
0.37	0.37	0.31	0.37	0.37	0.37	0.185	0.12
0.35	0.35	0.38	0.35	0.35	0.35	0.175	0.12
0.32	0.32	0.42	0.32	0.32	0.32	0.16	0.11
0.32	0.32	0.41	0.32	0.32	0.32	0.16	0.11
0.36	0.36	0.48	0.36	0.36	0.36	0.18	0.12
0.32	0.32	0.5	0.32	0.32	0.32	0.16	0.11
0.29	0.29	0.54	0.29	0.29	0.29	0.29	0.1
0.25	0.25	0.35	0.25	0.25	0.25	0.25	0.08
0.25	0.25	0.47	0.25	0.25	0.25	0.25	0.08
0.24	0.24	0.46	0.24	0.24	0.24	0.24	0.08
0.23	0.23	0.48	0.23	0.23	0.23	0.23	0.08
0.24	0.24	0.54	0.24	0.24	0.24	0.24	0.08
0.24	0.24	0.59	0.24	0.24	0.24	0.24	0.08
0.36	0.36	0.58	0.36	0.36	0.36	0.36	0.12
0.37	0.37	0.56	0.37	0.37	0.37	0.37	0.12
0.36	0.36	0.58	0.36	0.36	0.36	0.36	0.12
0.34	0.34	0.64	0.34	0.34	0.34	0.34	0.11
0.44	0.44	0.54	0.44	0.44	0.44	0.44	0.15
0.31	0.31	0.6	0.31	0.31	0.31	0.31	0.1
0.38	0.38	0.73	0.38	0.38	0.38	0.38	0.13
0.42	0.42	0.71	0.42	0.42	0.42	0.42	0.14
0.41	0.41	0.65	0.41	0.41	0.41	0.41	0.14
0.48	0.48	0.8	0.48	0.48	0.48	0.48	0.16
0.5	0.5	0.55	0.5	0.5	0.5	0.5	0.17
0.54	0.54	0.74	0.54	0.54	0.54	0.54	0.18
0.35	0.35	0.81	0.35	0.35	0.35	0.35	0.35
0.47	0.47	0.77	0.47	0.47	0.47	0.47	0.47
0.46	0.46	0.73	0.46	0.46	0.46	0.46	0.46
0.48	0.48	0.65	0.48	0.48	0.48	0.48	0.48
0.54	0.54	0.33	0.54	0.54	0.54	0.54	0.54
0.59	0.59	0.37	0.59	0.59	0.59	0.59	0.59
0.58	0.58	1.36	0.58	0.58	0.58	0.58	0.58
0.56	0.56	1.4	0.56	0.56	0.56	0.56	0.56
0.58	0.58	1.62	0.58	0.58	0.58	0.58	0.58
0.64	0.64	1.14	0.64	0.64	0.64	0.64	0.64
0.54	0.54	1.64	0.54	0.54	0.54	0.54	0.54
0.6	0.6	1.64	0.6	0.6	0.6	0.6	0.6
0.73	0.73	1.44	0.73	0.73	0.73	0.73	0.73
0.71	0.71	1.22	0.71	0.71	0.71	0.71	0.71
0.65	0.65	1.32	0.65	0.65	0.65	0.65	0.65
0.8	0.8	1.46	0.8	0.8	0.8	0.8	0.8
0.55	0.55	1.5	0.55	0.55	0.55	0.55	0.55
0.74	0.74	1.58	0.74	0.74	0.74	0.74	0.74
0.81	0.81	1.42	0.81	0.81	0.81	0.81	0.81
0.77	0.77	1.36	0.77	0.77	0.77	0.77	0.77
0.73	0.73	1.28	0.73	0.73	0.73	0.73	0.73
0.65	0.65	1.32	0.65	0.65	0.65	0.65	0.65
0.33	0.33	1.44	0.33	0.33	0.33	0.33	0.33
0.37	0.37	1.38	0.37	0.37	0.37	0.37	0.37
0.68	0.68	1.36	0.68	0.68	0.68	0.68	0.68
0.7	0.7	1.46	0.7	0.7	0.7	0.7	0.7
0.81	0.81	1.48	0.81	0.81	0.81	0.81	0.81
0.57	0.57	1.44	0.57	0.57	0.57	0.57	0.57
0.82	0.82	1.7	0.82	0.82	0.82	0.82	0.82
0.82	0.82	1.64	0.82	0.82	0.82	0.82	0.82
0.72	0.72	0.74	0.72	0.72	0.72	0.72	0.72
0.61	0.61	0.96	0.61	0.61	0.61	0.61	0.61
0.66	0.66	1.26	0.66	0.66	0.66	0.66	0.66
0.73	0.73	1.54	0.73	0.73	0.73	0.73	0.73
0.75	0.75	1.36	0.75	0.75	0.75	0.75	0.75
0.79	0.79	0.9	0.79	0.79	0.79	0.79	0.79
0.71	0.71	1.12	0.71	0.71	0.71	0.71	0.71
0.68	0.68	1.46	0.68	0.68	0.68	0.68	0.68
0.64	0.64	1.52	0.64	0.64	0.64	0.64	0.64
0.66	0.66	1.72	0.66	0.66	0.66	0.66	0.66
0.72	0.72	1.8	0.72	0.72	0.72	0.72	0.72
0.69	0.69	1	0.69	0.69	0.69	0.69	0.69
0.68	0.68	1.1	0.68	0.68	0.68	0.68	0.68
0.73	0.73	0.76	0.73	0.73	0.73	0.73	0.73
0.74	0.74	1.12	0.74	0.74	0.74	0.74	0.74
0.72	0.72	1.18	0.72	0.72	0.72	0.72	0.72
0.85	0.85	0.8	0.85	0.85	0.85	0.85	0.85
0.82	0.82	1.2	0.82	0.82	0.82	0.82	0.82
0.37	0.37	0.58	0.37	0.37	0.37	0.37	0.37
0.48	0.48	1.1	0.48	0.48	0.48	0.48	0.48
0.63	0.63	1.36	0.63	0.63	0.63	0.63	0.63
0.77	0.77	1.28	0.77	0.77	0.77	0.77	0.77
0.68	0.68	1.8	0.68	0.68	0.68	0.68	0.68
0.45	0.45	1.86	0.45	0.45	0.45	0.45	0.45
0.56	0.56	0.92	0.56	0.56	0.56	0.56	0.56
0.73	0.73	0.84	0.73	0.73	0.73	0.73	0.73
0.76	0.76	0.8	0.76	0.76	0.76	0.76	0.76
0.86	0.86	1.66	0.86	0.86	0.86	0.86	0.86
0.9	0.9	0.92	0.9	0.9	0.9	0.9	0.9
0.5	0.5	2.06	0.5	0.5	0.5	0.5	0.5
0.55	0.55	1.4	0.55	0.55	0.55	0.55	0.55
0.38	0.38	2.14	0.38	0.38	0.38	0.38	0.38
0.56	0.56	2.16	0.56	0.56	0.56	0.56	0.56
0.59	0.59	1.16	0.59	0.59	0.59	0.59	0.59
0.4	0.4	2.46	0.4	0.4	0.4	0.4	0.4
0.6	0.6	2.48	0.6	0.6	0.6	0.6	0.6
0.29	0.29	1.94	0.29	0.29	0.29	0.29	0.29
0.55	0.55	2.88	0.55	0.55	0.55	0.55	0.55
0.68	0.68	3.14	0.68	0.68	0.68	0.68	0.68
0.64	0.64	2.34	0.64	0.64	0.64	0.64	0.64
0.9	0.9	2.2	0.9	0.9	0.9	0.9	0.9
0.93	0.93	2.5	0.93	0.93	0.93	0.93	0.93
0.46	0.46	2.92	0.46	0.46	0.46	0.46	0.46
0.42	0.42	2.38	0.42	0.42	0.42	0.42	0.42
0.4	0.4	2.29	0.4	0.4	0.4	0.4	0.4
0.83	0.83	1.97	0.83	0.83	0.83	0.83	0.83
0.46	0.46	1.66	0.46	0.46	0.46	0.46	0.46
1.03	1.03	1.33	1.03	1.03	1.03	1.03	1.03
0.7	0.7	1.85	0.7	0.7	0.7	0.7	0.7
1.07	1.07	2.18	1.07	1.07	1.07	1.07	1.07
1.08	1.08	1.91	1.08	1.08	1.08	1.08	1.08
0.58	0.58	1.64	0.58	0.58	0.58	0.58	0.58
1.23	1.23	2.41	1.23	1.23	1.23	1.23	1.23
1.24	1.24	1.9	1.24	1.24	1.24	1.24	1.24
0.97	0.97	2.58	0.97	0.97	0.97	0.97	0.97
1.44	1.12	2.2	1.44	1.44	1.44	1.44	1.44
1.57	1.24	3.32	1.57	1.57	1.57	1.57	1.57
1.17	1.61	2.94	1.17	1.17	1.17	1.17	1.17
1.6	1.4	2.72	1.6	1.6	1.6	1.6	1.6
1.75	1.13	2.87	1.75	1.75	1.75	1.75	1.75
1.96	1.62	3.04	1.96	1.96	1.96	1.96	1.96
1.64	1.44	3.01	1.64	1.64	1.64	1.64	1.64
2.29	1.49	3.08	2.29	2.29	2.29	2.29	2.29
1.97	1.38	3.32	1.97	1.97	1.97	1.97	1.97
1.66	0.97	2.87	1.66	1.66	1.66	1.66	1.66
1.33	0.97	1.98	1.33	1.33	1.33	1.33	1.33
1.85	1.16	2.73	1.85	1.85	1.85	1.85	1.85
2.18	1.21	2.02	2.18	2.18	2.18	2.18	2.18
1.91	1.3	2.51	1.91	1.91	1.91	1.91	1.91
1.64	1.38	2.31	1.64	2.2512	1.64	1.64	1.64
1.42	1.21	2.65	1.42	2.0048	1.42	1.42	1.42
1.12	1.4	2.63	1.12	2.576	1.12	1.12	1.12
1.52	1.78	2.9	1.52	2.9008	1.52	1.52	1.52
1.89	1.45	2.8	1.89	2.1504	1.89	1.89	1.89
1.95	1.58	2.4	1.95	2.2512	1.95	1.95	1.95
1.73	1.19	2.2	1.73	2.016	1.73	1.73	1.73
1.6	1.22	2.76	1.6	1.6464	1.6	1.6	1.6
1.69	1.61	2.72	1.69	2.7216	1.69	1.69	1.69
1.79	1.3	2.8	1.79	2.072	1.79	1.79	1.79
1.77	1.15	2.35	1.77	2.1392	1.77	1.77	1.77
1.81	1.19	1.17	1.81	2.24	1.81	1.81	1.81
1.95	1.67	1.07	1.95	2.744	1.95	1.95	1.95
1.69	1.16	0.93	1.69	1.7808	1.69	1.69	1.69
1.98	1.19	1	1.98	1.9936	1.98	1.98	1.98
1.95	1.22	0.88	1.95	2.1218	1.95	1.95	1.95
1.03	1.19	0.86	1.03	1.8643	1.03	1.03	1.03
1.28	1.93	0.74	1.28	2.8119	1.28	1.28	1.28
1.18	1.54	0.9	1.18	1.9776	1.18	1.18	1.18
1.35	1.35	0.93	1.35	1.9879	1.35	1.35	1.35
1.34	1.34	0.88	1.34	2.1218	1.34	1.34	1.34
1.48	1.48	0.93	1.48	2.06	1.48	1.48	1.48
1.73	1.73	0.98	1.73	2.2042	1.73	1.73	1.73
1.6	1.6	0.98	1.6	1.8643	1.6	1.6	1.6
1.53	1.53	0.76	1.53	1.9261	1.53	1.53	1.53
1.41	1.41	0.76	1.41	2.1321	1.41	1.41	1.41
1.39	1.39	0.67	1.39	2.0909	1.39	1.39	1.39
1.43	1.43	0.38	1.43	2.0394	1.43	1.43	1.43
1.2	1.2	0.35	1.2	1.9055	1.2	1.2	1.2
1.4	1.4	0.31	1.4	2.4514	1.4	1.4	1.4
1.28	1.28	0.31	1.28	2.0291	1.28	1.28	1.28
1.14	1.14	0.27	1.14	1.9261	1.14	1.14	1.14
1.21	1.21	0.27	1.21	1.8849	1.21	1.21	1.21
1.46	1.46	0.27	1.46	1.9261	1.46	1.375	1.11
1.44	1.44	0.28	1.44	1.5038	1.44	1.034	1.08
1.25	1.25	0.28	1.25	1.6583	1.25	1.177	0.93
1.51	1.51	0.27	1.51	1.751	1.51	0.968	1.14
1.57	1.57	0.18	1.57	2.0291	1.57	1.078	1.17
1.47	1.47	0.19	1.47	1.8746	1.47	1.133	1.11
1.56	1.56	0.19	1.56	1.854	1.56	1.199	1.17
1.62	1.62	0.19	1.62	1.854	1.62	0.99	1.23
1.64	1.64	0.17	1.64	1.957	1.64	1.1	1.23
1.27	1.27	0.18	1.27	1.7819	1.27	1.056	0.96
1.27	1.27	0.18	1.27	1.6686	1.27	1.023	0.96
1.14	1.14	0.16	1.14	1.4626	1.14	0.836	0.84
1.08	1.08	0.18	1.08	1.3287	1.08	0.682	0.81
0.98	0.98	0.17	0.98	1.4832	0.98	0.77	0.75
0.88	0.88	0.17	0.88	1.6068	0.88	0.66	0.66
0.88	0.88	0.18	0.88	1.9467	0.88	0.66	0.66
0.74	0.74	0.18	0.74	1.7922	0.74	0.57	0.57
0.75	0.75	0.18	0.75	1.2257	0.75	0.57	0.57
0.77	0.77	0.17	0.77	1.1742	0.77	0.57	0.57
0.8	0.8	0.17	0.8	1.5141	0.8	0.6	0.6
0.82	0.82	0.17	0.82	1.6068	0.82	0.63	0.6
0.78	0.78	0.16	0.78	1.3699	0.78	0.6	0.57
0.71	0.71	0.17	0.71	1.1124	0.71	0.54	0.54
0.74	0.74	0.16	0.74	1.3184	0.74	0.57	0.57
0.78	0.78	0.18	0.78	1.2566	0.78	0.6	0.57
0.75	0.75	0.15	0.75	1.2051	0.75	0.57	0.57
0.68	0.68	0.07	0.68	1.2051	0.68	0.51	0.51
0.71	0.71	0.07	0.71	1.1948	0.71	0.54	0.54
0.71	0.71	0.07	0.71	1.339	0.71	0.54	0.54
0.43	0.62	0.06	0.62	1.1536	0.62	0.48	0.48
0.5	0.71	0.06	0.71	1.0609	0.71	0.54	0.54
0.47	0.67	0.07	0.67	1.1227	0.67	0.51	0.51
0.49	0.7	0.06	0.7	1.1845	0.7	0.54	0.53
0.5	0.72	0.06	0.72	1.2772	0.72	0.54	0.54
0.5	0.71	0.06	0.71	1.0403	0.71	0.54	0.54
0.5	0.72	0.06	0.72	1.3184	0.72	0.54	0.54
0.49	0.7	0.06	0.7	1.0712	0.7	0.54	0.51
0.49	0.7	0.05	0.7	0.9682	0.7	0.54	0.51
0.47	0.67	0.05	0.67	1.1124	0.67	0.51	0.51
0.46	0.65	0.05	0.65	1.1124	0.65	0.48	0.48
0.48	0.68	0.06	0.68	1.0918	0.68	0.51	0.51
0.46	0.65	0.04	0.65	0.9167	0.65	0.48	0.48
0.5	0.72	0.05	0.72	1.0416	0.72	0.54	0.54
0.43	0.61	0.05	0.61	1.1984	0.61	0.45	0.45
0.51	0.51	0.05	0.51	0.9296	0.51	0.39	0.39
0.56	0.56	0.05	0.56	1.1648	0.56	0.42	0.42
0.56	0.56	0.04	0.56	0.8736	0.56	0.42	0.42
0.47	0.47	0.05	0.47	0.9856	0.47	0.36	0.36
0.49	0.49	0.05	0.49	0.49	0.49	0.36	0.36
0.52	0.52	0.06	0.52	0.988	0.52	0.13	0.39
0.45	0.45	0.06	0.45	0.855	0.45	0.11	0.33
0.48	0.48	0.07	0.48	0.912	0.48	0.12	0.36
0.45	0.45	0.07	0.45	0.855	0.45	0.11	0.33
0.26	0.43	0.05	0.43	0.817	0.43	0.11	0.33
0.26	0.43	0.03	0.43	0.817	0.43	0.11	0.33
0.23	0.39	0.04	0.39	0.741	0.39	0.1	0.3
0.23	0.38	0.05	0.38	0.722	0.38	0.1	0.27
0.23	0.38	0.06	0.38	0.722	0.38	0.1	0.27
0.27	0.45	0.07	0.45	0.855	0.45	0.11	0.33
0.19	0.31	0.08	0.31	0.589	0.31	0.08	0.24
0.23	0.38	0.05	0.38	0.722	0.38	0.1	0.27
0.2	0.34	0.05	0.34	0.646	0.34	0.09	0.27
0.21	0.35	0.05	0.35	0.665	0.35	0.09	0.27
0.22	0.36	0.05	0.36	0.684	0.36	0.09	0.27
0.2	0.33	0.05	0.33	0.627	0.33	0.08	0.24
0.22	0.36	0.05	0.36	0.684	0.36	0.09	0.27
0.25	0.41	0.05	0.41	0.779	0.41	0.1	0.3
0.27	0.45	0.05	0.45	0.855	0.45	0.11	0.11
0.29	0.49	0.05	0.49	0.931	0.49	0.12	0.12
0.31	0.52	0.05	0.52	0.988	0.52	0.13	0.13
0.34	0.56	0.05	0.56	1.064	0.56	0.14	0.14
0.24	0.4	0.05	0.4	0.76	0.4	0.1	0.1
0.14	0.24	0.05	0.24	0.456	0.24	0.06	0.06
0.19	0.32	0.05	0.32	0.608	0.32	0.08	0.08
0.24	0.4	0.05	0.4	0.76	0.4	0.1	0.1
0.29	0.49	0.05	0.49	0.931	0.49	0.12	0.12
0.34	0.57	0.04	0.57	0.57	0.57	0.14	0.14
0.39	0.65	0.05	0.65	0.65	0.65	0.16	0.16
0.25	0.41	0.05	0.41	0.41	0.41	0.1	0.1
0.23	0.39	0.05	0.39	0.39	0.39	0.1	0.1
0.23	0.39	0.05	0.39	0.39	0.39	0.1	0.1
0.23	0.39	0.04	0.39	0.39	0.39	0.1	0.1
0.21	0.12	0.04	0.35	0.35	0.35	0.09	0.09
0.22	0.12	0.04	0.36	0.36	0.36	0.09	0.09
0.23	0.13	0.04	0.38	0.38	0.38	0.1	0.09
0.23	0.13	0.04	0.38	0.38	0.38	0.1	0.09
0.24	0.13	0.04	0.4	0.4	0.4	0.1	0.1
0.08	0.14	0.04	0.42	0.42	0.42	0.11	0.1
0.12	0.13	0.05	0.4	0.4	0.4	0.1	0.1
0.12	0.14	0.04	0.41	0.41	0.41	0.1	0.1
0.12	0.14	0.05	0.41	0.41	0.41	0.1	0.1
0.11	0.13	0.04	0.38	0.38	0.38	0.1	0.09
0.11	0.13	0.04	0.38	0.38	0.38	0.1	0.09
0.11	0.12	0.05	0.36	0.36	0.36	0.09	0.09
0.1	0.11	0.05	0.33	0.33	0.33	0.08	0.08
0.1	0.11	0.05	0.34	0.34	0.34	0.09	0.09
0.11	0.12	0.05	0.36	0.36	0.36	0.09	0.09
0.11	0.12	0.05	0.23	0.35	0.35	0.09	0.09
0.1	0.11	0.05	0.26	0.34	0.34	0.09	0.09
0.1	0.11	0.05	0.22	0.32	0.32	0.08	0.08
0.1	0.11	0.05	0.18	0.32	0.32	0.08	0.08
0.1	0.11	0.05	0.2	0.33	0.33	0.08	0.08
0.1	0.11	0.05	0.2	0.32	0.32	0.08	0.08
0.09	0.1	0.05	0.17	0.31	0.31	0.08	0.08
0.09	0.1	0.06	0.18	0.12	0.3	0.08	0.08
0.1	0.11	0.05	0.19	0.13	0.33	0.08	0.08
0.11	0.12	0.07	0.16	0.15	0.37	0.09	0.09
0.1	0.11	0.07	0.17	0.13	0.33	0.08	0.08
0.1	0.11	0.08	0.16	0.14	0.34	0.09	0.09
0.1	0.11	0.11	0.15	0.13	0.33	0.08	0.08
0.1	0.11	0.07	0.15	0.13	0.17	0.08	0.08
0.11	0.12	0.06	0.14	0.14	0.17	0.09	0.09
0.11	0.12	0.1	0.14	0.14	0.18	0.09	0.09
0.1	0.11	0.06	0.14	0.14	0.17	0.09	0.09
0.11	0.12	0.06	0.16	0.14	0.17	0.09	0.09
0.11	0.12	0.07	0.11	0.14	0.17	0.09	0.09
0.1	0.11	0.08	0.14	0.14	0.17	0.09	0.09
0.11	0.12	0.09	0.12	0.14	0.17	0.09	0.09
0.12	0.14	0.08	0.13	0.16	0.2	0.05	0.05
0.05	0.12	0.08	0.13	0.14	0.18	0.05	0.05
0.11	0.12	0.07	0.12	0.15	0.19	0.05	0.05
0.13	0.14	0.07	0.13	0.17	0.21	0.05	0.05
0.14	0.15	0.07	0.15	0.18	0.22	0.06	0.06
0.11	0.13	0.06	0.16	0.19	0.19	0.05	0.05
0.15	0.17	0.06	0.18	0.25	0.25	0.06	0.06
0.17	0.19	0.04	0.19	0.14	0.14	0.07	0.07
0.12	0.22	0.05	0.12	0.16	0.16	0.08	0.08
0.12	0.3	0.06	0.09	0.22	0.22	0.11	0.11
0.17	0.19	0.06	0.05	0.15	0.15	0.07	0.07
0.13	0.14	0.06	0.07	0.11	0.11	0.05	0.05
0.12	0.25	0.07	0.09	0.19	0.19	0.09	0.09
0.13	0.14	0.06	0.11	0.11	0.11	0.05	0.05
0.13	0.14	0.22	0.12	0.11	0.11	0.05	0.05
0.15	0.17	0.16	0.14	0.13	0.13	0.06	0.06
0.11	0.22	0.21	0.09	0.16	0.16	0.16	0.16
0.2	0.23	0.19	0.08	0.17	0.17	0.17	0.17
0.2	0.22	0.16	0.08	0.16	0.08	0.16	0.16
0.18	0.2	0.3	0.08	0.15	0.15	0.15	0.15
0.17	0.18	0.2	0.08	0.28	0.14	0.14	0.14
0.16	0.18	0.26	0.08	0.27	0.13	0.13	0.13
0.16	0.17	0.31	0.08	0.26	0.13	0.13	0.13
0.14	0.16	0.31	0.08	0.24	0.24	0.12	0.12
0.14	0.15	0.29	0.09	0.23	0.23	0.12	0.12
0.1	0.11	0.23	0.09	0.17	0.17	0.08	0.08
0.11	0.12	0.21	0.09	0.19	0.19	0.09	0.09
0.15	0.16	0.18	0.09	0.25	0.25	0.25	0.25
0.14	0.16	0.38	0.09	0.24	0.24	0.24	0.23
0.14	0.15	0.4	0.08	0.23	0.23	0.23	0.22
0.15	0.17	0.4	0.08	0.25	0.25	0.25	0.25
0.14	0.16	0.46	0.08	0.24	0.24	0.24	0.24
0.13	0.15	0.42	0.04	0.22	0.22	0.22	0.22
0.1	0.11	0.4	0.07	0.16	0.16	0.16	0.16
0.13	0.14	0.4	0.08	0.21	0.21	0.21	0.21
0.38	0.13	0.46	0.08	0.19	0.19	0.19	0.19
0.31	0.1	0.4	0.07	0.16	0.16	0.16	0.16
0.3	0.1	0.4	0.07	0.15	0.15	0.15	0.15
0.2	0.07	0.34	0.07	0.1	0.1	0.2	0.2
0.26	0.09	0.3	0.07	0.13	0.13	0.13	0.13
0.31	0.1	0.36	0.07	0.16	0.16	0.16	0.16
0.31	0.1	0.4	0.07	0.16	0.16	0.16	0.16
0.29	0.1	0.32	0.06	0.15	0.15	0.15	0.14
0.23	0.08	0.4	0.07	0.12	0.06	0.12	0.12
0.21	0.07	0.66	0.08	0.21	0.11	0.11	0.1
0.18	0.06	0.36	0.07	0.18	0.09	0.09	0.09
0.19	0.06	0.44	0.07	0.19	0.1	0.1	0.09
0.2	0.07	0.5	0.07	0.2	0.1	0.1	0.1
0.2	0.07	0.46	0.07	0.2	0.1	0.1	0.1
0.23	0.08	0.44	0.08	0.23	0.12	0.12	0.12
0.21	0.07	0.46	0.08	0.21	0.11	0.11	0.1
0.2	0.07	0.5	0.07	0.2	0.1	0.1	0.1
0.2	0.07	0.52	0.08	0.2	0.1	0.1	0.1
0.23	0.08	0.58	0.08	0.23	0.12	0.12	0.12
0.2	0.07	0.48	0.07	0.2	0.1	0.1	0.1
0.2	0.07	0.42	0.08	0.2	0.1	0.2	0.2
0.17	0.06	0.42	0.09	0.17	0.09	0.17	0.17
0.15	0.05	0.54	0.08	0.15	0.08	0.15	0.15
0.18	0.06	0.66	0.08	0.18	0.09	0.18	0.18
0.2	0.07	0.52	0.09	0.2	0.1	0.2	0.2
0.16	0.05	0.48	0.1	0.16	0.08	0.16	0.16
0.2	0.07	0.46	0.08	0.2	0.1	0.2	0.2
0.33	0.11	0.56	0.11	0.33	0.17	0.33	0.33
0.18	0.06	0.54	0.18	0.18	0.09	0.18	0.18
0.22	0.07	0.56	0.22	0.22	0.11	0.22	0.22
0.25	0.08	0.54	0.25	0.25	0.13	0.25	0.25
0.23	0.08	0.66	0.23	0.23	0.12	0.23	0.23
0.22	0.07	0.66	0.22	0.22	0.11	0.22	0.22
0.23	0.08	0.7	0.23	0.23	0.12	0.23	0.23
0.25	0.08	0.56	0.25	0.25	0.13	0.25	0.25
0.26	0.09	0.58	0.26	0.26	0.13	0.26	0.26
0.29	0.1	0.58	0.29	0.29	0.15	0.29	0.29
0.24	0.08	0.74	0.24	0.24	0.12	0.24	0.24
0.21	0.07	0.7	0.21	0.21	0.11	0.21	0.21
0.21	0.07	0.64	0.21	0.21	0.11	0.21	0.21
0.27	0.27	0.64	0.27	0.27	0.14	0.27	0.27
0.33	0.33	0.72	0.33	0.33	0.17	0.33	0.33
0.26	0.26	0.64	0.26	0.26	0.13	0.26	0.26
0.24	0.24	0.58	0.24	0.24	0.12	0.24	0.24
0.23	0.23	0.5	0.23	0.23	0.12	0.23	0.23
0.28	0.28	0.5	0.28	0.28	0.14	0.28	0.28
0.27	0.27	0.48	0.27	0.27	0.14	0.27	0.27
0.28	0.28	0.46	0.28	0.28	0.14	0.28	0.28
0.27	0.27	0.48	0.27	0.27	0.14	0.27	0.27
0.33	0.33	0.48	0.33	0.33	0.17	0.33	0.33
0.33	0.33	0.72	0.33	0.33	0.17	0.33	0.33
0.35	0.35	0.74	0.35	0.35	0.18	0.35	0.35
0.28	0.28	0.72	0.28	0.28	0.14	0.28	0.28
0.29	0.29	0.68	0.29	0.29	0.15	0.29	0.29
0.29	0.29	0.88	0.29	0.29	0.15	0.29	0.29
0.37	0.37	0.62	0.37	0.37	0.19	0.37	0.37
0.35	0.35	0.76	0.35	0.35	0.18	0.35	0.35
0.32	0.32	0.84	0.32	0.32	0.16	0.32	0.32
0.32	0.32	0.82	0.32	0.32	0.16	0.32	0.32
0.36	0.36	0.96	0.36	0.36	0.18	0.36	0.36
0.32	0.32	1	0.32	0.32	0.16	0.32	0.32
0.29	0.29	1.08	0.29	0.29	0.15	0.29	0.29
0.25	0.25	0.7	0.25	0.25	0.25	0.25	0.25
0.25	0.25	0.94	0.25	0.25	0.25	0.25	0.25
0.24	0.24	0.92	0.24	0.24	0.24	0.24	0.24
0.23	0.23	0.96	0.23	0.23	0.23	0.23	0.23
0.24	0.24	1.08	0.24	0.24	0.24	0.24	0.24
0.24	0.24	1.18	0.24	0.24	0.24	0.24	0.24
0.36	0.36	1.16	0.36	0.36	0.36	0.36	0.36
0.37	0.37	1.12	0.37	0.37	0.37	0.37	0.37
0.36	0.36	1.16	0.36	0.36	0.36	0.36	0.36
0.34	0.34	1.28	0.34	0.34	0.34	0.34	0.34
0.44	0.44	1.08	0.44	0.44	0.44	0.44	0.44
0.31	0.31	1.2	0.31	0.31	0.31	0.31	0.31
0.38	0.38	1.46	0.38	0.38	0.38	0.38	0.38
0.42	0.42	1.42	0.42	0.42	0.42	0.42	0.42
0.41	0.41	1.3	0.41	0.41	0.41	0.41	0.41
0.48	0.48	1.6	0.48	0.48	0.48	0.48	0.48
0.5	0.5	1.1	0.5	0.5	0.5	0.5	0.5
0.54	0.54	1.48	0.54	0.54	0.54	0.54	0.54
0.35	0.35	1.62	0.35	0.35	0.35	0.35	0.35
0.47	0.47	1.54	0.47	0.47	0.47	0.47	0.47
0.46	0.46	1.46	0.46	0.46	0.46	0.46	0.46
0.48	0.48	1.3	0.48	0.48	0.48	0.48	0.48
0.54	0.54	0.66	0.54	0.54	0.54	0.54	0.54
0.59	0.59	0.74	0.59	0.59	0.59	0.59	0.59
0.58	0.58	1.36	0.58	0.58	0.58	0.58	0.58
0.56	0.56	1.4	0.56	0.56	0.56	0.56	0.56
0.58	0.58	1.62	0.58	0.58	0.58	0.58	0.58
0.64	0.64	1.14	0.64	0.64	0.64	0.64	0.64
0.54	0.54	1.64	0.54	0.54	0.54	0.54	0.54
0.6	0.6	1.64	0.6	0.6	0.6	0.6	0.6
0.73	0.73	1.44	0.73	0.73	0.73	0.73	0.73
0.71	0.71	1.22	0.71	0.71	0.71	0.71	0.71
0.65	0.65	1.32	0.65	0.65	0.65	0.65	0.65
0.8	0.8	1.46	0.8	0.8	0.8	0.8	0.8
0.55	0.55	1.5	0.55	0.55	0.55	0.55	0.55
0.74	0.74	1.58	0.74	0.74	0.74	0.74	0.74
0.81	0.81	1.42	0.81	0.81	0.81	0.81	0.81
0.77	0.77	1.36	0.77	0.77	0.77	0.77	0.77
0.73	0.73	1.28	0.73	0.73	0.73	0.73	0.73
0.65	0.65	1.32	0.65	0.65	0.65	0.65	0.65
0.33	0.33	1.44	0.33	0.33	0.33	0.33	0.33
0.37	0.37	1.38	0.37	0.37	0.37	0.37	0.37
0.68	0.68	1.36	0.68	0.68	0.68	0.68	0.68
0.7	0.7	1.46	0.7	0.7	0.7	0.7	0.7
0.81	0.81	1.48	0.81	0.81	0.81	0.81	0.81
0.57	0.57	1.44	0.57	0.57	0.57	0.57	0.57
0.82	0.82	1.7	0.82	0.82	0.82	0.82	0.82
0.82	0.82	1.64	0.82	0.82	0.82	0.82	0.82
0.72	0.72	0.74	0.72	0.72	0.72	0.72	0.72
0.61	0.61	0.96	0.61	0.61	0.61	0.61	0.61
0.66	0.66	1.26	0.66	0.66	0.66	0.66	0.66
0.73	0.73	1.54	0.73	0.73	0.73	0.73	0.73
0.75	0.75	1.36	0.75	0.75	0.75	0.75	0.75
0.79	0.79	0.9	0.79	0.79	0.79	0.79	0.79
0.71	0.71	1.12	0.71	0.71	0.71	0.71	0.71
0.68	0.68	1.46	0.68	0.68	0.68	0.68	0.68
0.64	0.64	1.52	0.64	0.64	0.64	0.64	0.64
0.66	0.86	1.72	0.66	0.66	0.66	0.66	0.66
0.72	0.94	1.8	0.72	0.72	0.72	0.72	0.72
1.38	0.9	1	0.69	0.69	0.69	0.69	0.69
1.36	0.88	1.1	0.68	0.68	0.68	0.68	0.68
1.46	0.95	0.76	0.73	0.73	0.73	0.73	0.73
1.48	0.96	1.12	0.74	0.74	0.74	0.74	0.74
1.44	0.94	1.18	0.72	0.72	0.72	0.72	0.72
1.7	1.11	0.8	1.02	0.85	0.85	0.85	0.85
1.64	1.07	1.2	0.98	1.18638	0.82	0.82	0.82
0.74	0.48	0.58	0.44	0.47658	0.37	0.37	0.37
0.96	0.62	1.1	0.58	1.014	0.48	0.48	0.48
1.26	0.82	1.36	0.76	1.32834	0.63	0.63	0.63
1.54	1	1.28	0.92	1.27764	0.77	0.77	0.77
1.36	0.88	1.8	0.82	1.10526	0.68	0.68	0.68
0.9	0.59	1.86	0.54	0.82134	0.45	0.45	0.45
1.12	0.73	0.92	0.67	0.78078	0.56	0.56	0.56
1.46	0.95	0.84	0.88	0.85176	0.73	0.73	0.73
1.52	0.99	0.8	0.91	1.43988	0.76	0.76	0.76
1.72	1.12	1.66	1.03	0.97344	0.86	0.86	0.86
1.8	1.17	0.92	1.08	0.82134	0.9	0.9	0.9
1	0.65	2.06	0.6	1.03428	0.5	0.5	0.5
1.1	0.72	1.4	0.66	1.33848	0.55	0.55	0.55
0.76	0.49	2.14	0.46	0.97344	0.38	0.38	0.38
1.12	0.73	2.16	0.67	0.95316	0.56	0.56	0.56
1.18	0.77	1.16	0.71	1.3689	0.59	0.59	0.59
0.8	0.52	2.46	0.48	1.5717	0.4	0.4	0.4
1.2	0.78	2.48	0.72	1.3566	0.6	0.6	0.6
0.58	0.38	1.94	0.35	1.4484	0.29	0.29	0.29
1.1	0.72	2.88	0.66	1.632	0.55	0.55	0.55
1.36	0.88	1.57	0.82	2.3256	0.68	0.68	0.68
1.28	0.83	1.17	0.77	1.989	0.64	0.64	0.64
1.8	1.17	1.6	1.3	1.5606	0.9	0.9	0.9
1.86	1.21	1.75	1.12	2.1	0.93	0.93	0.93
0.92	0.6	1.96	0.55	1.5402	0.46	0.46	0.46
0.84	0.55	1.64	0.5	1.377	0.42	0.42	0.42
0.8	0.52	2.29	0.48	1.6626	0.4	0.4	0.4
1.66	1.08	1.97	1	1.224	0.83	0.83	0.83
0.92	0.6	1.66	0.55	1.02	0.46	0.46	0.46
2.06	1.34	1.33	1.24	1.4178	1.03	1.03	1.03
1.4	0.91	3.7	0.84	1.0506	0.7	0.7	0.7
2.14	1.39	3.1	1.28	0.7752	1.07	1.07	0.64
2.16	1.4	3.82	1.3	1.0404	1.08	1.08	0.65
1.16	0.75	3.28	0.7	1.4076	0.58	0.58	0.35
1.23	1.6	1.42	1.48	1.5504	1.23	1.23	0.74
1.24	1.61	1.12	1.49	0.816	1.24	1.24	0.74
0.97	1.26	1.52	1.16	1.0302	0.97	0.97	0.58
1.44	1.87	1.89	1.73	1.2648	1.44	1.44	0.86
1.57	2.04	1.95	1.88	1.4382	1.57	1.57	0.94
1.17	1.52	1.73	1.4	2.1114	1.17	1.17	0.7
1.6	2.08	1.6	1.92	1.6	1.6	1.6	0.96
1.75	1.75	1.69	2.1	1.75	1.75	1.75	1.05
1.96	1.96	1.79	2.35	1.96	1.96	1.96	1.18
1.64	1.64	1.77	1.97	1.64	1.64	1.64	0.98
2.29	2.29	1.81	2.75	2.29	2.29	2.29	1.37
1.97	1.97	1.95	2.36	1.97	1.97	1.97	1.18
1.66	1.66	1.69	1.99	1.66	1.66	1.66	1
1.33	1.33	1.98	1.6	1.33	1.33	1.33	0.8
1.85	1.85	1.95	2.22	1.85	1.85	1.85	1.11
2.18	2.18	1.03	2.18	2.18	2.18	2.18	1.31
1.91	1.91	1.28	1.91	1.91	1.91	1.91	1.15
1.64	1.64	1.18	1.64	1.64	1.64	1.64	0.98
1.42	1.42	1.35	1.42	1.42	1.42	1.42	0.85
1.12	1.12	1.34	1.12	1.12	1.12	0.67	0.4
1.52	1.52	1.48	1.52	1.52	1.52	0.91	0.55
1.89	1.89	1.73	1.89	1.89	1.89	1.13	0.68
1.95	1.95	1.6	1.95	1.95	1.95	1.17	0.7
1.73	1.73	1.53	1.73	1.73	1.73	1.04	0.62
1.6	1.6	1.41	1.6	1.6	1.6	0.96	0.58
1.69	1.69	1.39	1.69	1.69	1.69	1.01	0.61
1.79	1.79	1.43	1.79	1.79	1.79	1.07	0.64
1.77	1.77	1.2	1.77	1.77	1.77	1.06	0.64
1.81	1.81	1.4	1.81	1.81	1.81	1.09	0.65
1.95	1.95	1.28	1.95	1.95	1.95	1.17	0.7
1.69	1.69	1.14	1.69	1.69	1.69	1.01	0.61
1.98	1.98	1.21	1.98	1.98	1.98	1.19	0.71
1.95	1.95	1.46	1.95	1.95	1.95	1.17	0.7
1.03	1.03	0.36	1.03	1.03	1.03	0.62	0.62
1.28	1.28	0.31	1.28	1.28	1.28	0.77	0.77
1.18	1.18	0.38	1.18	1.18	1.18	0.71	0.71
1.35	1.35	0.39	1.35	1.35	1.35	0.81	0.81
1.34	1.34	0.37	1.34	1.34	1.34	0.8	0.8
1.48	1.48	0.39	1.48	1.48	1.48	0.89	0.89
1.73	1.73	0.41	1.73	1.73	1.73	1.04	1.04
1.6	1.6	0.41	1.6	1.6	1.6	0.96	0.96
1.53	1.53	0.32	1.53	1.53	1.53	0.92	0.92
1.41	1.41	0.96	1.41	1.61067	1.41	0.51	0.51
1.39	1.39	0.84	1.39	1.13456	1.39	0.5	0.5
1.43	1.43	0.81	1.43	1.57015	1.43	0.51	0.51
1.2	1.2	0.75	1.2	1.18521	1.2	0.43	0.43
1.4	1.4	0.66	1.4	1.43846	1.4	0.5	0.5
1.28	1.28	0.66	1.28	1.47898	1.28	0.46	0.46
1.14	1.14	0.57	1.14	1.65119	1.14	0.41	0.41
1.21	1.21	0.57	1.21	1.64106	1.21	0.44	0.44
1.46	1.46	0.57	1.46	1.68158	1.46	0.53	0.53
1.44	1.44	0.6	1.44	1.46885	1.44	0.52	0.52
1.25	1.25	0.6	1.25	1.43846	1.25	0.45	0.45
1.51	1.51	0.57	1.51	1.45872	1.51	0.54	0.54
1.57	1.57	0.54	1.57	1.35742	1.57	0.57	0.57
1.47	1.47	0.57	1.47	1.84366	1.47	0.53	0.53
1.56	1.56	0.57	1.56	1.42833	1.56	0.56	0.56
1.62	1.62	0.57	1.62	1.25612	1.62	0.58	0.58
1.64	1.64	0.51	1.64	1.29664	1.64	0.59	0.59
1.27	1.27	0.18	1.27	1.27638	1.27	0.46	0.46
1.27	1.27	0.18	1.27	1.2524	1.27	0.46	0.46
1.14	1.14	0.16	1.14	1.2423	1.14	0.41	0.41
1.08	1.08	0.18	1.08	1.3029	1.08	0.39	0.39
0.98	0.98	0.17	0.98	1.3736	0.98	0.35	0.35
0.88	0.88	0.17	0.88	1.4948	0.88	0.32	0.32
0.88	0.88	0.18	0.88	1.3231	0.88	0.32	0.32
0.74	0.74	0.18	0.74	1.1615	0.74	0.27	0.27
0.75	0.75	0.18	0.75	1.3534	0.75	0.27	0.27
0.77	0.77	0.17	0.77	1.1817	0.77	0.28	0.28
0.8	0.8	0.17	0.8	1.18521	0.8	0.29	0.29
0.82	0.82	0.17	0.82	1.13456	0.82	0.3	0.3
0.78	0.78	0.16	0.78	1.06365	0.78	0.28	0.28
0.71	0.71	0.17	0.71	1.20547	0.71	0.26	0.26
0.74	0.74	0.16	0.74	1.03326	0.74	0.27	0.27
0.78	0.78	0.18	0.78	0.96235	0.78	0.28	0.28
0.75	0.75	0.09	0.75	1.03326	0.75	0.27	0.27
0.68	0.68	0.08	0.68	1.13456	0.68	0.24	0.24
0.71	0.71	0.08	0.71	1.12443	0.71	0.26	0.26
0.71	0.71	0.08	0.71	1.00287	0.71	0.26	0.26
0.62	0.62	0.07	0.62	1.00287	0.62	0.22	0.22
0.71	0.71	0.07	0.71	1.10417	0.71	0.26	0.26
0.67	0.67	0.08	0.67	1.09404	0.67	0.24	0.24
0.7	0.7	0.07	0.7	0.99274	0.7	0.25	0.25
0.72	0.72	0.07	0.72	0.95222	0.72	0.26	0.26
0.71	0.71	0.07	0.71	0.97248	0.71	0.26	0.26
0.72	0.72	0.04	0.72	0.97248	0.72	0.26	0.26
0.7	0.7	0.04	0.7	0.85092	0.7	0.25	0.25
0.7	0.7	0.04	0.7	0.89144	0.7	0.25	0.25
0.67	0.67	0.03	0.67	0.93196	0.67	0.24	0.24
0.65	0.65	0.03	0.65	0.80027	0.65	0.23	0.23
0.68	0.68	0.04	0.68	0.89144	0.68	0.24	0.24
0.65	0.65	0.03	0.65	0.92183	0.65	0.23	0.23
0.72	0.72	0.03	0.72	0.87118	0.72	0.26	0.26
0.61	0.61	0.03	0.61	0.85092	0.61	0.22	0.22
0.51	0.51	0.03	0.51	0.84079	0.51	0.18	0.18
0.56	0.56	0.03	0.56	0.76988	0.56	0.2	0.2
0.56	0.56	0.03	0.56	0.72936	0.56	0.2	0.2
0.47	0.47	0.03	0.47	0.78001	0.47	0.17	0.17
0.49	0.49	0.04	0.49	0.65845	0.49	0.18	0.18
0.52	0.52	0.04	0.52	0.69897	0.52	0.19	0.19
0.45	0.45	0.04	0.45	0.7091	0.45	0.16	0.16
0.48	0.48	0.05	0.48	0.816	0.48	0.17	0.17
0.45	0.45	0.05	0.45	0.744	0.45	0.16	0.16
0.43	0.43	0.04	0.43	0.804	0.43	0.15	0.15
0.43	0.43	0.02	0.43	0.876	0.43	0.15	0.15
0.39	0.39	0.03	0.39	0.84	0.39	0.14	0.14
0.38	0.38	0.04	0.38	0.708	0.38	0.14	0.14
0.38	0.38	0.04	0.38	0.684	0.38	0.14	0.14
0.45	0.45	0.05	0.45	0.708	0.45	0.16	0.16
0.31	0.31	0.06	0.31	0.804	0.31	0.11	0.11
0.38	0.38	0.04	0.38	0.648	0.38	0.14	0.14
0.17	0.34	0.04	0.34	0.612	0.34	0.12	0.12
0.18	0.35	0.04	0.35	0.804	0.35	0.13	0.13
0.18	0.36	0.04	0.36	0.696	0.36	0.13	0.13
0.17	0.33	0.03	0.33	0.804	0.33	0.12	0.12
0.18	0.36	0.03	0.36	0.792	0.36	0.13	0.13
0.21	0.41	0.03	0.41	0.744	0.41	0.15	0.08
0.23	0.45	0.03	0.45	0.585	0.45	0.16	0.08
0.25	0.49	0.04	0.49	0.637	0.49	0.18	0.09
0.26	0.52	0.04	0.52	0.676	0.52	0.19	0.1
0.28	0.56	0.04	0.56	0.728	0.56	0.2	0.1
0.2	0.4	0.04	0.4	0.52	0.4	0.14	0.07
0.12	0.24	0.04	0.24	0.312	0.24	0.09	0.05
0.16	0.32	0.03	0.32	0.416	0.32	0.12	0.06
0.2	0.4	0.03	0.4	0.52	0.4	0.14	0.07
0.25	0.49	0.03	0.25	0.637	0.49	0.18	0.09
0.29	0.19	0.03	0.29	0.741	0.57	0.07	0.11
0.33	0.22	0.03	0.33	0.845	0.65	0.076666667	0.12
0.21	0.14	0.03	0.21	0.533	0.41	0.05	0.08
0.2	0.13	0.03	0.2	0.507	0.39	0.046666667	0.07
0.2	0.13	0.03	0.2	0.39	0.39	0.046666667	0.07
0.2	0.13	0.03	0.2	0.39	0.39	0.046666667	0.07
0.18	0.12	0.03	0.18	0.35	0.35	0.043333333	0.07
0.18	0.12	0.03	0.18	0.36	0.36	0.043333333	0.07
0.19	0.13	0.03	0.19	0.38	0.38	0.046666667	0.07
0.19	0.13	0.03	0.19	0.38	0.38	0.046666667	0.07
0.2	0.13	0.03	0.2	0.4	0.4	0.046666667	0.07
0.21	0.14	0.03	0.21	0.42	0.42	0.05	0.08
0.2	0.13	0.03	0.2	0.4	0.4	0.046666667	0.07
0.21	0.14	0.03	0.21	0.41	0.41	0.05	0.08
0.21	0.14	0.03	0.21	0.41	0.41	0.05	0.08
0.19	0.13	0.03	0.19	0.38	0.38	0.046666667	0.07
0.19	0.13	0.03	0.19	0.38	0.38	0.046666667	0.07
0.18	0.12	0.03	0.18	0.36	0.36	0.043333333	0.07
0.17	0.11	0.03	0.17	0.33	0.33	0.04	0.06
0.17	0.11	0.03	0.17	0.34	0.34	0.04	0.06
0.18	0.12	0.03	0.18	0.36	0.36	0.043333333	0.07
0.18	0.12	0.03	0.18	0.35	0.35	0.043333333	0.07
0.17	0.11	0.03	0.17	0.34	0.34	0.04	0.06
0.16	0.11	0.03	0.16	0.32	0.32	0.04	0.06
0.16	0.11	0.04	0.16	0.32	0.32	0.04	0.06
0.17	0.11	0.03	0.17	0.33	0.33	0.04	0.06
0.16	0.11	0.03	0.16	0.32	0.32	0.04	0.06
0.16	0.1	0.04	0.16	0.31	0.16	0.036666667	0.06
0.15	0.1	0.04	0.15	0.3	0.15	0.036666667	0.06
0.17	0.11	0.03	0.17	0.33	0.17	0.04	0.06
0.19	0.12	0.05	0.19	0.37	0.19	0.043333333	0.07
0.17	0.11	0.05	0.17	0.33	0.17	0.04	0.06
0.17	0.11	0.06	0.17	0.34	0.17	0.04	0.06
0.17	0.11	0.08	0.17	0.33	0.17	0.04	0.06
0.17	0.11	0.05	0.17	0.33	0.17	0.04	0.06
0.18	0.12	0.04	0.18	0.35	0.17	0.043333333	0.07
0.18	0.12	0.07	0.18	0.36	0.18	0.043333333	0.07
0.17	0.11	0.04	0.17	0.34	0.17	0.04	0.06
0.18	0.12	0.04	0.18	0.35	0.17	0.043333333	0.07
0.18	0.12	0.05	0.18	0.35	0.17	0.043333333	0.07
0.17	0.11	0.1	0.17	0.34	0.17	0.04	0.06
0.18	0.12	0.1	0.18	0.35	0.17	0.043333333	0.07
0.21	0.14	0.1	0.21	0.41	0.2	0.05	0.08
0.18	0.12	0.09	0.18	0.36	0.18	0.043333333	0.07
0.19	0.12	0.08	0.09	0.37	0.19	0.043333333	0.07
0.21	0.14	0.08	0.11	0.42	0.21	0.05	0.08
0.23	0.15	0.08	0.11	0.15	0.22	0.053333333	0.08
0.19	0.04	0.07	0.1	0.13	0.19	0.046666667	0.07
0.25	0.06	0.07	0.13	0.17	0.25	0.06	0.09
0.22	0.06	0.05	0.14	0.19	0.28	0.07	0.11
0.21	0.07	0.05	0.16	0.22	0.32	0.076666667	0.12
0.24	0.1	0.07	0.22	0.3	0.44	0.106666667	0.16
0.15	0.06	0.07	0.15	0.19	0.29	0.07	0.11
0.11	0.05	0.07	0.11	0.14	0.22	0.05	0.08
0.19	0.08	0.08	0.19	0.25	0.37	0.09	0.14
0.11	0.05	0.07	0.11	0.14	0.22	0.05	0.08
0.11	0.05	0.07	0.11	0.14	0.22	0.05	0.08
0.13	0.06	0.05	0.13	0.17	0.25	0.06	0.09
0.09	0.07	0.06	0.16	0.22	0.32	0.076666667	0.12
0.17	0.08	0.05	0.17	0.23	0.34	0.08	0.12
0.16	0.07	0.05	0.16	0.22	0.32	0.076666667	0.12
0.15	0.07	0.05	0.15	0.2	0.3	0.073333333	0.11
0.14	0.06	0.12	0.14	0.18	0.28	0.066666667	0.1
0.13	0.18	0.16	0.13	0.18	0.26	0.063333333	0.1
0.13	0.17	0.19	0.13	0.17	0.26	0.063333333	0.1
0.12	0.16	0.19	0.12	0.16	0.23	0.056666667	0.09
0.23	0.15	0.17	0.12	0.15	0.23	0.056666667	0.09
0.17	0.11	0.14	0.08	0.11	0.17	0.013333333	0.03
0.19	0.12	0.13	0.09	0.12	0.19	0.043333333	0.07
0.25	0.16	0.11	0.12	0.16	0.25	0.163333333	0.25
0.24	0.16	0.11	0.12	0.16	0.23	0.156666667	0.24
0.23	0.15	0.12	0.11	0.15	0.22	0.15	0.23
0.25	0.17	0.12	0.13	0.17	0.25	0.166666667	0.25
0.24	0.16	0.14	0.24	0.16	0.24	0.16	0.24
0.22	0.15	0.13	0.22	0.15	0.22	0.146666667	0.22
0.16	0.11	0.12	0.16	0.11	0.16	0.106666667	0.16
0.21	0.14	0.12	0.21	0.14	0.21	0.14	0.21
0.19	0.13	0.14	0.19	0.13	0.19	0.126666667	0.19
0.16	0.1	0.12	0.16	0.1	0.16	0.103333333	0.16
0.15	0.1	0.12	0.15	0.1	0.15	0.1	0.15
0.1	0.07	0.1	0.1	0.07	0.1	0.066666667	0.1
0.13	0.09	0.09	0.13	0.09	0.13	0.086666667	0.13
0.16	0.1	0.11	0.16	0.1	0.16	0.103333333	0.16
0.16	0.1	0.12	0.16	0.1	0.16	0.103333333	0.16
0.15	0.1	0.1	0.15	0.1	0.14	0.096666667	0.15
0.12	0.08	0.12	0.12	0.08	0.12	0.076666667	0.12
0.11	0.07	0.2	0.11	0.07	0.1	0.07	0.11
0.09	0.06	0.18	0.09	0.06	0.09	0.06	0.09
0.1	0.06	0.22	0.1	0.06	0.09	0.063333333	0.1
0.1	0.07	0.25	0.1	0.07	0.1	0.066666667	0.1
0.1	0.07	0.23	0.1	0.07	0.1	0.066666667	0.1
0.12	0.08	0.22	0.12	0.08	0.12	0.076666667	0.23
0.11	0.07	0.23	0.11	0.07	0.1	0.07	0.21
0.1	0.07	0.25	0.1	0.07	0.1	0.066666667	0.2
0.1	0.07	0.26	0.1	0.07	0.1	0.066666667	0.2
0.12	0.08	0.29	0.12	0.08	0.12	0.076666667	0.23
0.1	0.07	0.24	0.1	0.07	0.2	0.066666667	0.2
0.1	0.07	0.21	0.1	0.2	0.2	0.066666667	0.2
0.09	0.06	0.21	0.09	0.17	0.17	0.056666667	0.17
0.08	0.05	0.27	0.08	0.15	0.15	0.05	0.15
0.09	0.06	0.33	0.09	0.18	0.18	0.06	0.18
0.1	0.07	0.26	0.1	0.2	0.2	0.066666667	0.2
0.08	0.05	0.24	0.08	0.16	0.16	0.053333333	0.16
0.1	0.07	0.23	0.1	0.2	0.2	0.066666667	0.2
0.17	0.11	0.28	0.17	0.33	0.33	0.11	0.33
0.09	0.06	0.27	0.09	0.18	0.18	0.06	0.18
0.11	0.07	0.28	0.11	0.22	0.22	0.073333333	0.22
0.13	0.08	0.27	0.25	0.25	0.25	0.083333333	0.25
0.12	0.08	0.33	0.23	0.23	0.23	0.076666667	0.23
0.11	0.07	0.33	0.22	0.22	0.22	0.073333333	0.22
0.12	0.08	0.35	0.23	0.23	0.23	0.076666667	0.23
0.13	0.08	0.28	0.25	0.25	0.25	0.083333333	0.25
0.13	0.09	0.29	0.26	0.26	0.26	0.086666667	0.26
0.15	0.1	0.29	0.29	0.29	0.29	0.096666667	0.29
0.12	0.08	0.37	0.24	0.24	0.24	0.08	0.24
0.11	0.07	0.35	0.21	0.21	0.21	0.07	0.21
0.11	0.07	0.32	0.21	0.21	0.21	0.07	0.21
0.14	0.09	0.64	0.27	0.27	0.27	0.09	0.27
0.17	0.11	0.72	0.33	0.33	0.33	0.11	0.33
0.13	0.09	0.64	0.26	0.26	0.26	0.086666667	0.26
0.12	0.08	0.58	0.24	0.24	0.24	0.08	0.24
0.12	0.08	0.5	0.23	0.23	0.23	0.23	0.23
0.14	0.09	0.5	0.28	0.28	0.28	0.28	0.28
0.14	0.09	0.48	0.27	0.27	0.27	0.27	0.27
0.14	0.09	0.46	0.28	0.28	0.28	0.28	0.28
0.14	0.09	0.48	0.27	0.27	0.27	0.27	0.27
0.17	0.11	0.48	0.33	0.33	0.33	0.33	0.33
0.17	0.11	0.72	0.33	0.33	0.33	0.33	0.33
0.18	0.12	0.74	0.35	0.35	0.35	0.35	0.35
0.14	0.09	0.72	0.28	0.28	0.28	0.28	0.28
0.15	0.1	0.68	0.29	0.29	0.29	0.29	0.29
0.15	0.1	0.44	0.29	0.29	0.29	0.29	0.29
0.19	0.12	0.31	0.37	0.37	0.37	0.37	0.37
0.18	0.12	0.38	0.35	0.35	0.35	0.35	0.35
0.16	0.11	0.42	0.32	0.32	0.32	0.32	0.32
0.16	0.11	0.41	0.32	0.32	0.32	0.32	0.32
0.18	0.12	0.48	0.36	0.36	0.36	0.36	0.36
0.16	0.11	0.5	0.32	0.32	0.32	0.32	0.32
0.15	0.1	0.54	0.29	0.29	0.29	0.29	0.29
0.13	0.08	0.35	0.25	0.25	0.25	0.25	0.25
0.13	0.08	0.47	0.25	0.25	0.25	0.25	0.25
0.12	0.08	0.46	0.24	0.24	0.24	0.24	0.24
0.12	0.08	0.48	0.23	0.23	0.23	0.23	0.23
0.12	0.08	0.54	0.24	0.24	0.24	0.24	0.24
0.12	0.08	0.59	0.24	0.24	0.24	0.24	0.24
0.18	0.12	0.58	0.36	0.36	0.36	0.36	0.36
0.19	0.12	0.56	0.37	0.37	0.37	0.37	0.37
0.18	0.12	0.58	0.36	0.36	0.36	0.36	0.36
0.17	0.11	0.64	0.34	0.34	0.34	0.34	0.34
0.22	0.15	0.54	0.44	0.44	0.44	0.44	0.44
0.16	0.1	0.6	0.31	0.31	0.31	0.31	0.31
0.19	0.13	0.73	0.38	0.38	0.38	0.38	0.38
0.21	0.14	0.71	0.42	0.42	0.42	0.42	0.42
0.21	0.14	0.65	0.41	0.41	0.41	0.41	0.41
0.24	0.16	0.8	0.48	0.48	0.48	0.48	0.48
0.25	0.17	0.55	0.5	0.5	0.5	0.5	0.5
0.27	0.18	0.74	0.54	0.54	0.54	0.54	0.54
0.18	0.12	0.81	0.35	0.35	0.35	0.35	0.35
0.24	0.16	1.16	0.47	0.47	0.47	0.47	0.47
0.23	0.15	1.1	0.46	0.46	0.46	0.46	0.46
0.24	0.16	0.98	0.48	0.48	0.48	0.48	0.48
0.27	0.18	0.5	0.54	0.54	0.54	0.54	0.54
0.3	0.2	0.56	0.59	0.59	0.59	0.59	0.59
0.29	0.19	1.02	0.58	0.58	0.58	0.58	0.58
0.28	0.19	1.05	0.56	0.56	0.56	0.56	0.56
0.29	0.19	1.22	0.58	0.58	0.58	0.58	0.58
0.32	0.64	0.86	0.64	0.64	0.64	0.64	0.64
0.27	0.54	1.23	0.54	0.54	0.54	0.54	0.54
0.3	0.6	1.23	0.6	0.6	0.6	0.6	0.6
0.37	0.73	1.08	0.73	0.73	0.73	0.73	0.73
0.36	0.71	0.92	0.71	0.71	0.71	0.71	0.71
0.33	0.65	0.99	0.65	0.65	0.65	0.65	0.65
0.4	0.8	1.1	0.8	0.8	0.8	0.8	0.8
0.28	0.55	1.13	0.55	0.55	0.55	0.55	0.55
0.37	0.74	1.19	0.74	0.74	0.74	0.74	0.74
0.41	0.81	1.07	0.81	0.81	0.81	0.81	0.81
0.39	0.77	1.02	0.77	0.77	0.77	0.77	0.77
0.37	0.73	0.96	0.73	0.73	0.73	0.73	0.73
0.65	0.65	0.99	0.65	0.65	0.65	0.65	0.65
0.33	0.33	1.08	0.33	0.33	0.33	0.33	0.33
0.37	0.37	1.04	0.37	0.37	0.37	0.37	0.37
0.68	0.68	1.02	0.68	0.68	0.68	0.68	0.68
0.7	0.7	1.1	0.7	0.7	0.7	0.7	0.7
0.81	0.81	1.11	0.81	0.81	0.81	0.81	0.81
0.57	0.57	1.08	0.57	0.57	0.57	0.57	0.57
0.82	0.82	1.28	0.82	0.82	0.82	0.82	0.82
0.82	0.82	1.23	0.82	0.82	0.82	0.82	0.82
0.72	0.72	0.56	0.72	0.72	0.72	0.72	0.72
0.61	0.61	0.72	0.61	0.61	0.61	0.61	0.61
0.66	0.66	0.95	0.66	0.66	0.66	0.66	0.66
0.73	0.73	1.16	0.73	0.73	0.73	0.73	0.73
0.75	0.75	1.02	0.75	0.75	0.75	0.75	0.75
0.79	0.79	0.68	0.79	0.79	0.79	0.79	0.79
0.71	0.71	0.84	0.71	0.71	0.71	0.71	0.71
0.68	0.68	1.1	0.68	0.68	0.68	0.68	0.68
0.64	0.64	1.14	0.64	0.64	0.64	0.64	0.64
0.66	0.66	1.29	0.66	0.66	0.66	0.66	0.66
0.72	0.72	1.35	0.72	0.72	0.72	0.72	0.72
0.69	0.69	0.75	0.69	0.69	0.69	0.69	0.69
0.68	0.68	0.83	0.68	0.68	0.68	0.68	0.68
0.73	0.73	0.57	0.73	0.73	0.73	0.73	0.73
0.74	0.74	0.84	0.74	0.74	0.74	0.74	0.74
0.72	0.72	0.89	0.72	0.72	0.72	0.72	0.72
0.85	0.85	0.6	0.85	0.85	0.85	0.85	0.85
0.82	0.82	0.6	0.82	0.82	0.82	0.82	0.82
0.37	0.37	0.29	0.37	0.37	0.37	0.37	0.37
0.48	0.48	0.55	0.48	0.48	0.48	0.48	0.48
0.63	0.63	0.68	0.63	0.63	0.63	0.63	0.63
0.77	0.77	0.64	0.77	0.77	0.77	0.77	0.77
0.68	0.68	0.9	0.68	0.68	0.68	0.68	0.68
0.45	0.45	0.93	0.45	0.45	0.45	0.45	0.45
0.56	0.56	0.46	0.56	0.56	0.56	0.56	0.56
0.73	0.73	0.42	0.73	0.73	0.73	0.73	0.73
0.76	0.76	0.4	0.76	0.76	0.76	0.76	0.76
0.86	0.86	0.83	0.86	0.86	0.86	0.86	0.86
0.9	0.9	0.46	0.9	0.9	0.9	0.9	0.9
0.5	0.5	1.03	0.5	0.5	0.5	0.5	0.5
0.55	0.55	0.7	0.55	0.55	0.55	0.55	0.55
0.38	0.38	1.07	0.38	0.38	0.38	0.38	0.38
0.56	0.56	1.08	0.56	0.56	0.56	0.56	0.56
0.59	0.59	0.58	0.59	0.59	0.59	0.59	0.59
0.4	0.4	1.23	0.4	0.4	0.4	0.4	0.4
0.6	0.6	1.24	0.6	0.6	0.6	0.6	0.6
0.29	0.29	0.97	0.29	0.29	0.29	0.29	0.29
0.55	0.55	1.44	0.55	0.55	0.55	0.55	0.55
0.68	0.68	1.57	0.68	0.68	0.68	0.68	0.68
0.64	0.64	1.17	0.64	0.64	0.64	0.64	0.64
0.9	0.9	1.6	0.9	0.9	0.9	0.9	0.9
0.93	0.93	1.75	0.93	0.93	0.93	0.93	0.93
0.46	0.46	1.96	0.46	0.46	0.46	0.46	0.46
0.42	0.42	1.64	0.42	0.42	0.42	0.42	0.42
0.4	0.4	2.29	0.4	0.4	0.4	0.4	0.4
0.83	0.83	1.97	0.83	0.83	0.83	0.83	0.83
0.46	0.46	1.66	0.46	0.46	0.46	0.46	0.46
1.03	1.03	1.33	1.03	1.03	1.03	1.03	1.03
0.7	0.7	1.85	0.7	0.7	0.7	0.7	0.7
1.07	1.07	2.18	1.07	1.07	1.07	1.07	1.07
1.08	1.08	1.91	1.08	1.08	1.08	1.08	1.08
0.58	0.58	1.64	0.58	0.58	0.58	0.58	0.58
1.23	1.23	1.42	1.23	1.23	1.23	1.23	1.23
1.24	1.24	1.12	1.24	1.24	1.24	1.24	1.24
0.97	0.97	1.52	0.97	0.97	0.97	0.97	0.97
1.44	1.44	1.89	1.44	1.44	1.44	1.44	1.44
1.57	1.57	1.95	1.57	1.57	1.57	1.57	1.57
1.17	1.17	1.73	1.17	1.17	1.17	1.17	1.17
1.6	1.6	1.6	1.6	1.6	1.6	1.6	1.6
1.75	1.75	1.69	1.75	1.75	1.75	1.75	1.75
1.96	1.96	1.79	1.96	1.96	1.96	1.96	1.96
1.64	1.64	1.77	1.64	1.64	1.64	1.64	1.64
2.29	2.29	1.81	2.29	2.29	2.29	2.29	2.29
1.97	1.97	1.95	1.97	1.97	1.97	1.97	1.97
1.66	1.66	1.69	1.66	1.66	1.66	1.66	1.66
1.33	1.33	1.98	1.33	1.33	1.33	1.33	1.33
1.85	1.85	1.95	1.85	1.85	1.85	1.85	1.85
2.18	2.18	1.03	2.18	2.18	2.18	2.18	2.18
1.91	1.91	1.28	1.91	1.91	1.91	1.91	1.91
1.64	1.64	1.18	1.64	1.64	1.64	1.64	1.64
1.42	1.42	1.35	1.42	1.42	1.42	1.42	1.42
1.12	1.12	1.34	1.12	1.12	1.12	1.12	1.12
1.52	1.52	1.48	1.52	1.52	1.52	1.52	1.52
1.89	1.89	1.73	1.89	1.89	1.89	1.89	1.89
1.95	1.95	1.6	1.95	1.95	1.95	1.95	1.95
1.73	1.73	1.53	1.73	1.73	1.73	1.73	1.73
1.6	1.6	1.41	1.6	1.6	1.6	1.6	1.6
1.69	1.69	1.39	1.69	1.69	1.69	1.69	1.69
1.79	1.79	1.43	1.79	1.79	1.79	1.79	1.79
1.77	1.77	1.2	1.77	1.77	1.77	1.77	1.77
1.81	1.81	1.4	1.81	1.81	1.81	1.81	1.81
1.95	1.95	1.28	1.95	1.95	1.95	1.95	1.95
1.69	1.69	1.14	1.69	1.69	1.69	1.69	1.69
1.98	1.98	1.21	1.98	1.98	1.98	1.98	1.98
1.95	1.95	1.46	1.95	1.95	1.95	1.95	1.95
1.03	1.03	1.44	1.03	1.03	1.03	1.03	1.03
1.28	1.28	1.25	1.28	1.28	1.28	1.28	1.28
1.18	1.18	1.51	1.18	1.18	1.18	1.18	1.18
1.35	1.35	1.57	1.35	1.35	1.35	1.35	1.35
1.34	1.34	1.47	1.34	1.34	1.34	1.34	1.34
1.48	1.48	1.56	1.48	1.48	1.48	1.48	1.48
1.73	1.73	1.62	1.73	1.73	1.73	1.73	1.73
1.6	1.6	1.64	1.6	1.6	1.6	1.6	1.6
1.53	1.53	1.27	1.53	1.53	1.53	1.53	1.53
1.41	1.41	1.27	1.41	1.41	1.41	1.41	1.41
1.39	1.39	1.14	1.39	1.39	1.39	1.39	1.39
1.43	1.43	1.08	1.43	1.43	1.43	1.43	1.43
1.2	1.2	0.98	1.2	1.2	1.2	1.2	1.2
1.4	1.4	0.88	1.4	1.4	1.4	1.4	1.4
1.28	1.28	0.88	1.28	1.28	1.28	1.28	1.28
1.14	1.14	0.74	1.14	1.14	1.14	1.14	1.14
1.21	1.21	0.75	1.21	1.21	1.21	1.21	1.21
1.46	1.46	0.62	1.46	1.46	1.46	1.46	1.46
1.44	1.44	0.64	1.44	1.44	1.44	1.44	1.44
1.25	1.25	0.66	1.25	1.25	1.25	1.25	1.25
1.51	1.51	0.62	1.51	1.51	1.51	1.51	1.51
1.57	1.57	0.57	1.57	1.57	1.57	1.57	1.57
1.47	1.47	0.59	1.47	1.47	1.47	1.47	1.47
1.56	1.56	0.62	1.56	1.56	1.56	1.56	1.56
1.62	1.62	0.6	1.62	1.62	1.62	1.62	1.62
1.64	1.64	0.54	1.64	1.64	1.64	1.64	1.64
1.27	1.27	0.57	1.27	1.27	1.27	1.27	1.27
1.27	1.27	0.57	1.27	1.27	1.27	1.27	1.27
1.14	1.14	0.5	1.14	1.14	1.14	1.14	1.14
1.08	1.08	0.57	1.08	1.08	1.08	1.08	1.08
0.98	0.98	0.54	0.98	0.98	0.98	0.98	0.98
0.88	0.88	0.56	0.88	0.88	0.88	0.88	0.88
0.88	0.88	0.58	0.88	0.88	0.88	0.88	0.88
0.74	0.74	0.57	0.74	0.74	0.74	0.74	0.74
0.75	0.75	0.58	0.75	0.75	0.75	0.75	0.75
0.77	0.77	0.56	0.77	0.77	0.77	0.77	0.77
0.8	0.8	0.56	0.8	0.8	0.8	0.8	0.8
0.82	0.82	0.54	0.82	0.82	0.82	0.82	0.82
0.78	0.78	0.52	0.78	0.78	0.78	0.78	0.78
0.71	0.71	0.54	0.71	0.71	0.71	0.71	0.71
0.74	0.74	0.52	0.74	0.74	0.74	0.74	0.74
0.78	0.78	0.58	0.78	0.78	0.78	0.78	0.78
0.75	0.75	0.49	0.75	0.75	0.75	0.75	0.75
0.68	0.68	0.41	0.68	0.68	0.68	0.68	0.68
0.71	0.71	0.45	0.71	0.71	0.71	0.71	0.71
0.71	0.71	0.45	0.71	0.71	0.71	0.71	0.71
0.62	0.62	0.38	0.62	0.62	0.62	0.62	0.62
0.71	0.71	0.39	0.71	0.71	0.71	0.71	0.71
0.67	0.67	0.42	0.67	0.67	0.67	0.67	0.67
0.7	0.7	0.36	0.7	0.7	0.7	0.7	0.7
0.72	0.72	0.31	0.72	0.72	0.72	0.72	0.72
0.71	0.71	0.29	0.71	0.71	0.71	0.71	0.71
0.72	0.72	0.28	0.72	0.72	0.72	0.72	0.72
0.7	0.7	0.28	0.7	0.7	0.7	0.7	0.7
0.7	0.7	0.25	0.7	0.7	0.7	0.7	0.7
0.67	0.67	0.24	0.67	0.67	0.67	0.67	0.67
0.65	0.65	0.24	0.65	0.65	0.65	0.65	0.65
0.68	0.68	0.29	0.68	0.68	0.68	0.68	0.68
0.65	0.65	0.2	0.65	0.65	0.65	0.65	0.65
0.72	0.72	0.24	0.72	0.72	0.72	0.72	0.72
0.61	0.61	0.22	0.61	0.61	0.61	0.61	0.61
0.51	0.51	0.22	0.51	0.51	0.51	0.51	0.51
0.56	0.56	0.23	0.56	0.56	0.56	0.56	0.56
0.56	0.56	0.21	0.56	0.56	0.56	0.56	0.56
0.47	0.47	0.23	0.47	0.47	0.47	0.47	0.47
0.49	0.49	0.26	0.49	0.49	0.49	0.49	0.49
0.52	0.52	0.29	0.52	0.52	0.52	0.52	0.52
0.45	0.45	0.31	0.45	0.45	0.45	0.45	0.45
0.48	0.48	0.33	0.48	0.48	0.48	0.48	0.48
0.45	0.45	0.36	0.45	0.45	0.45	0.45	0.45
0.43	0.43	0.26	0.43	0.43	0.43	0.43	0.43
0.43	0.43	0.15	0.43	0.43	0.43	0.43	0.43
0.39	0.39	0.2	0.39	0.39	0.39	0.39	0.39
0.38	0.38	0.26	0.38	0.38	0.38	0.38	0.38
0.38	0.38	0.31	0.38	0.38	0.38	0.38	0.38
0.45	0.45	0.36	0.45	0.45	0.45	0.45	0.45
0.31	0.31	0.42	0.31	0.31	0.31	0.31	0.31
0.38	0.38	0.26	0.38	0.38	0.38	0.38	0.38
0.34	0.34	0.25	0.34	0.34	0.34	0.34	0.34
0.35	0.35	0.25	0.35	0.35	0.35	0.35	0.35
0.36	0.36	0.25	0.36	0.36	0.36	0.36	0.36
0.33	0.33	0.22	0.33	0.33	0.33	0.33	0.33
0.36	0.36	0.23	0.36	0.36	0.36	0.36	0.36
0.41	0.41	0.24	0.41	0.41	0.41	0.41	0.41
0.45	0.45	0.24	0.45	0.45	0.45	0.45	0.45
0.49	0.49	0.26	0.49	0.49	0.49	0.49	0.49
0.52	0.52	0.27	0.52	0.52	0.52	0.52	0.52
0.56	0.56	0.26	0.56	0.56	0.56	0.56	0.56
0.4	0.4	0.26	0.4	0.4	0.4	0.4	0.4
0.24	0.24	0.26	0.24	0.24	0.24	0.24	0.24
0.32	0.32	0.24	0.32	0.32	0.32	0.32	0.32
0.4	0.4	0.24	0.4	0.4	0.4	0.4	0.4
0.49	0.49	0.23	0.49	0.49	0.49	0.49	0.49
0.57	0.57	0.21	0.57	0.57	0.57	0.57	0.57
0.65	0.65	0.22	0.65	0.65	0.65	0.65	0.65
0.41	0.41	0.23	0.41	0.41	0.41	0.41	0.41
0.39	0.39	0.22	0.39	0.39	0.39	0.39	0.39
0.39	0.39	0.22	0.39	0.39	0.39	0.39	0.39
0.39	0.39	0.2	0.39	0.39	0.39	0.39	0.39
0.35	0.35	0.2	0.35	0.35	0.35	0.35	0.35
0.36	0.36	0.21	0.36	0.36	0.36	0.36	0.36
0.38	0.38	0.2	0.38	0.38	0.38	0.38	0.38
0.38	0.38	0.2	0.38	0.38	0.38	0.38	0.38
0.4	0.4	0.19	0.4	0.4	0.4	0.4	0.4
0.42	0.42	0.21	0.42	0.42	0.42	0.42	0.42
0.4	0.4	0.26	0.4	0.4	0.4	0.4	0.4
0.41	0.41	0.26	0.41	0.41	0.41	0.41	0.41
0.41	0.41	0.26	0.41	0.41	0.41	0.41	0.41
0.38	0.38	0.24	0.38	0.38	0.38	0.38	0.38
0.38	0.38	0.24	0.38	0.38	0.38	0.38	0.38
0.36	0.36	0.23	0.36	0.36	0.36	0.36	0.36
0.33	0.33	0.21	0.33	0.33	0.33	0.33	0.33
0.34	0.34	0.22	0.34	0.34	0.34	0.34	0.34
0.36	0.36	0.23	0.36	0.36	0.36	0.36	0.36
0.35	0.35	0.22	0.35	0.35	0.35	0.35	0.35
0.34	0.34	0.22	0.34	0.34	0.34	0.34	0.34
0.32	0.32	0.2	0.32	0.32	0.32	0.32	0.32
0.32	0.32	0.2	0.32	0.32	0.32	0.32	0.32
0.33	0.33	0.21	0.33	0.33	0.33	0.33	0.33
0.32	0.32	0.2	0.32	0.32	0.32	0.32	0.32
0.31	0.31	0.2	0.31	0.31	0.31	0.31	0.31
0.3	0.3	0.19	0.3	0.3	0.3	0.3	0.3
0.33	0.33	0.21	0.33	0.33	0.33	0.33	0.33
